Manufacturer,Model,Year,Registration Status,Price,Mileage,Keys,Damage description,Transmission,Seats,Fuel Type,Link
Nissan,Serena,1994,Yes,$400,"303,030",0.0," Front Damage, Selling Registered","Automatic,",8.0,Petrol,https://manheim.co.nz/damaged-vehicles/000000000006880035/1994-nissan-serena-fx-multi-purpose-vehicle?referringPage=SearchResults
Volkswagen,Golf,2004,No,$600,"189,223",0.0," Right Front Damage, Impact Medium - Front, Selling De-Registered","Automatic,",5.0,Petrol,https://manheim.co.nz/damaged-vehicles/000000000006970056/2004-volkswagen-golf-2-0-fsi-man-hatch?referringPage=SearchResults
Honda,Insight,2009,No,$500,,0.0," Airbags Deployed, Right Front Damage, Selling De-Registered","Automatic,",5.0,Petrol,https://manheim.co.nz/damaged-vehicles/000000000006960209/2009-honda-insight-hybrid-hatch?referringPage=SearchResults
Mitsubishi,Galant,1999,No,$200,"377,332",0.0," Engine Damage, Front Damage, Left Rear Damage, Left Side Damage, Right Front Damage, Right Side Damage, Selling De-Registered","Automatic,",5.0,Petrol,https://manheim.co.nz/damaged-vehicles/000000000006960210/1999-mitsubishi-galant-2-0-glxi-sedan-sedan?referringPage=SearchResults
Volkswagen,Golf,2004,No,$600,"99,985",0.0," Left Side Damage, Impact Heavy - Left Side, Selling De-Registered","Automatic,",5.0,Petrol,https://manheim.co.nz/damaged-vehicles/000000000006970247/2004-volkswagen-golf-hatch?referringPage=SearchResults
PATCHELL,3SH,2003,Yes,$0,,, Selling Registered,,,,https://manheim.co.nz/damaged-vehicles/000000000006620287/2003-patchell-3sh-mfea-log-trailer?referringPage=SearchResults
Volkswagen,Touareg,2010,No,$0,"97,594",1.0," Rear Damage, Selling De-Registered","Automatic,",5.0,Petrol,https://manheim.co.nz/damaged-vehicles/000000000006970310/2010-volkswagen-touareg-station-wagon?referringPage=SearchResults
Mitsubishi,Colt,2004,Yes,$500,"153,502",1.0," Glass Broken, Ignition Damage, Vandalised - Entire Vehicle, Stolen & Recovered, Selling Registered","Automatic,",5.0,Petrol,https://manheim.co.nz/damaged-vehicles/000000000006970312/2004-mitsubishi-colt-1-5p-sport-hatch-a-hatch?referringPage=SearchResults
Mitsubishi,Outlander,2005,No,$600,"179,478",1.0," Front Damage, Impact Medium - Front, Selling De-Registered","Automatic,",5.0,Petrol,https://manheim.co.nz/damaged-vehicles/000000000006970317/2005-mitsubishi-outlander-station-wagon?referringPage=SearchResults
Hyundai,Getz,2009,No,$500,"142,748",1.0," Front Damage, Impact Medium - Front, Selling De-Registered","Automatic,",5.0,Petrol,https://manheim.co.nz/damaged-vehicles/000000000006970318/2009-hyundai-getz-1-4-5d-a4-hatch?referringPage=SearchResults
Honda,Odyssey,2008,No,$600,,0.0," Right Front Damage, Right Rear Damage, Selling De-Registered","5spd Automatic,",5.0,Petrol,https://manheim.co.nz/damaged-vehicles/000000000006970321/2008-honda-odyssey-station-wagon?referringPage=SearchResults
Mitsubishi,Lancer,2016,No,$0,"114,565",1.0," Front Damage, Right Side Damage, Impact Heavy - Front, Impact Heavy - Right Side, Selling De-Registered","CVT,",5.0,Petrol,https://manheim.co.nz/damaged-vehicles/000000000006970322/2016-mitsubishi-lancer-gsr-2-0p-cvt-sl-4dr-sedan?referringPage=SearchResults
Nissan,Tiida,2005,No,$500,"255,349",1.0," Frame Damaged, Right Front Damage, Impact Medium - Front, Suspension Damage, Selling De-Registered","Automatic,",5.0,Petrol,https://manheim.co.nz/damaged-vehicles/000000000006970324/2005-nissan-tiida-hatch?referringPage=SearchResults
KTM,390,2023,No,$0,,1.0," Front Damage, Impact Heavy - Front, Selling De-Registered","Automatic,",,Petrol,https://manheim.co.nz/damaged-vehicles/000000000006970325/2023-ktm-390-adventure-motorcycle?referringPage=SearchResults
Nissan,Tiida,2006,Yes,$625,"142,342",0.0," Interior Damage, Ignition Damage, Left Front Damage, Right Front Damage, Right Rear Damage, Stolen & Recovered, Selling Registered","Automatic,",5.0,Petrol,https://manheim.co.nz/damaged-vehicles/000000000006970329/2006-nissan-tiida-hatch?referringPage=SearchResults
Mazda,Demio,2008,No,$600,"238,013",0.0," Right Front Damage, Impact Heavy - Front, Selling De-Registered","Automatic,",5.0,Petrol,https://manheim.co.nz/damaged-vehicles/000000000006970339/2008-mazda-demio-hatch?referringPage=SearchResults
Toyota,Carib,1997,No,$300,"264,215",0.0," Ignition Damage, Left Rear Damage, Stolen & Recovered, Selling De-Registered","Automatic,",5.0,Petrol,https://manheim.co.nz/damaged-vehicles/000000000006970344/1997-toyota-carib-station-wagon?referringPage=SearchResults
Toyota,Regius,2005,No,,"294,991",0.0," Right Rear Damage, Impact Heavy - Left Side, Selling De-Registered","Automatic,",3.0,Petrol,https://manheim.co.nz/damaged-vehicles/000000000006970349/2005-toyota-regius-ace-van?referringPage=SearchResults
Volkswagen,Tiguan,2009,No,$0,"246,305",1.0," Front Damage, Impact Medium - Front, Selling De-Registered","6spd Automatic,",5.0,Diesel,https://manheim.co.nz/damaged-vehicles/000000000006970352/2009-volkswagen-tiguan-tdi-103kw-6a-station-wagon?referringPage=SearchResults
Honda,Civic,2005,No,$625,,1.0," Front Damage, Impact Medium - Front, Selling De-Registered",,5.0,Petrol,https://manheim.co.nz/damaged-vehicles/000000000006970354/2005-honda-civic-ferio-sedan?referringPage=SearchResults
Honda,fit,2005,No,$0,"193,967",1.0," Rear Damage, Impact Heavy - Rear, Impact Medium - Right Side, Selling De-Registered",,5.0,Petrol,https://manheim.co.nz/damaged-vehicles/000000000006970356/2005-honda-fit-hatch?referringPage=SearchResults
Mazda,Axela,2012,No,$600,"71,508",1.0," Right Side Damage, Impact Heavy - Right Side, Selling De-Registered",,5.0,Petrol,https://manheim.co.nz/damaged-vehicles/000000000006970364/2012-mazda-axela-sedan?referringPage=SearchResults
Nissan,Safari,1995,No,,"277,928",1.0," Vandalised - Interior, Stolen & Recovered, Selling De-Registered","5spd Manual,",7.0,Diesel,https://manheim.co.nz/damaged-vehicles/000000000006970371/1995-nissan-safari-4wd-ad-station-wagon?referringPage=SearchResults
Subaru,Impreza,2010,No,$500,"184,662",0.0," Has Key, Rear Damage, Selling De-Registered","Automatic,",5.0,Petrol,https://manheim.co.nz/damaged-vehicles/000000000006970373/2010-subaru-impreza-sedan?referringPage=SearchResults
Honda,Civic,2014,No,$600,"94,021",0.0," Left Rear Damage, Impact Medium - Left Side, Airbags Deployed, Selling De-Registered","Automatic,",5.0,Petrol,https://manheim.co.nz/damaged-vehicles/000000000006970374/2014-honda-civic-ln-2-0p-5at-sl-4dr--sedan?referringPage=SearchResults
Subaru,Legacy,2007,No,$300,,0.0," Airbags Deployed, Left Rear Damage, Right Front Damage, Selling De-Registered","Automatic,",5.0,Petrol,https://manheim.co.nz/damaged-vehicles/000000000006970376/2007-subaru-legacy-station-wagon?referringPage=SearchResults
Toyota,Hilux,2007,No,,1,0.0," Rolled, Water Damage, Selling De-Registered","5spd Automatic,",5.0,Diesel,https://manheim.co.nz/damaged-vehicles/000000000006970379/2007-toyota-hilux-3-0td-4wd-sr5-dcu-5-dual-cab-utility?referringPage=SearchResults
Suzuki,GSX650F,2010,No,$0,"34,562",1.0," Front Damage, Right Side Damage, Impact Medium - Right Side, Selling De-Registered","Manual,",,Petrol,https://manheim.co.nz/damaged-vehicles/000000000006970400/2010-suzuki-gsx650f-motorcycle?referringPage=SearchResults
Nissan,Navara,2015,No,$0,"185,355",1.0," Roof Damage, Rolled, Selling De-Registered","Automatic,",5.0,Diesel,https://manheim.co.nz/damaged-vehicles/000000000006970411/2015-nissan-navara-d-c-2-5d-2wd-st-x-a-dual-cab-utility?referringPage=SearchResults
Mercedes-Benz,A170,2007,No,$600,,1.0," Impact Medium - Front, Impact Medium - Left Side, Impact Light - Right Side, Suspension Damage, Selling De-Registered","Automatic,",5.0,Petrol,https://manheim.co.nz/damaged-vehicles/000000000006970421/2007-mercedes-benz-a170-hatch?referringPage=SearchResults
Mitsubishi,Outlander,2006,No,$675,,0.0," Airbags Deployed, Front Damage, Impact Heavy - Front, Impact Light - Left Side, Selling De-Registered",,5.0,Petrol,https://manheim.co.nz/damaged-vehicles/000000000006970423/2006-mitsubishi-outlander-station-wagon?referringPage=SearchResults
Husqvarna,TE,2008,No,$0,"5,042",1.0," Engine Damage, Interior Damage, Left Side Damage, Right Rear Damage, Selling De-Registered",,,Petrol,https://manheim.co.nz/damaged-vehicles/000000000006960424/2008-husqvarna-te-450-motorcycle?referringPage=SearchResults
Sterling,Emerald,2010,No,"$8,050",,0.0," Chassis Damage, Front Damage, Has Key",,,,https://manheim.co.nz/damaged-vehicles/000000000006950444/2010-sterling-emerald-caravan?referringPage=SearchResults
Suzuki,Swift,2006,No,$600,"157,218",2.0," Front Damage, Left Side Damage, Impact Light - Front, Impact Light - Left Side, Selling De-Registered","Automatic,",5.0,Petrol,https://manheim.co.nz/damaged-vehicles/000000000006970472/2006-suzuki-swift-glxha2-1-5-5dr-hatch?referringPage=SearchResults
Subaru,Impreza,2009,No,$500,"222,688",1.0," Left Rear Damage, Selling De-Registered","Automatic,",5.0,Petrol,https://manheim.co.nz/damaged-vehicles/000000000006970509/2009-subaru-impreza-hatch?referringPage=SearchResults
Daihatsu,Sirion,2005,No,$500,,1.0," Interior Damage, Water Damage, Selling De-Registered","9spd Manual,",5.0,Petrol,https://manheim.co.nz/damaged-vehicles/000000000006970538/2005-daihatsu-sirion-1-3p-hatch-5m-hatch?referringPage=SearchResults
Land Rover,Discovery,2017,No,,"140,592",1.0," Airbags Deployed, Left Front Damage, Selling De-Registered","Automatic,",7.0,Diesel,https://manheim.co.nz/damaged-vehicles/000000000006970546/2017-land-rover-discovery-td6-hse-3-0dt-4wd-station-wagon?referringPage=SearchResults
Subaru,Impreza,1997,No,$300,"260,501",0.0," Interior Damage, Left Front Damage, Left Rear Damage, Stolen & Recovered, Selling De-Registered","5spd Automatic,",5.0,Petrol,https://manheim.co.nz/damaged-vehicles/000000000006970554/1997-subaru-impreza-impreza-gx-at-sedan-sedan?referringPage=SearchResults
Ford,Falcon,2008,No,$650,"290,045",1.0," Left Rear Damage, Impact Heavy - Left Side, Selling De-Registered","6spd Automatic,",5.0,Petrol,https://manheim.co.nz/damaged-vehicles/000000000006970557/2008-ford-falcon-bf2-xr6-sedan-a-sedan?referringPage=SearchResults
Honda,Civic,2001,No,$400,"146,642",1.0," Right Rear Damage, Selling De-Registered","Automatic,",5.0,Petrol,https://manheim.co.nz/damaged-vehicles/000000000006970572/2001-honda-civic-vti-1-5-4d-sed-cvt-sedan?referringPage=SearchResults
Mazda,Axela,2009,No,$600,"146,919",0.0," Right Rear Damage, Impact Heavy - Entire Vehicle, Selling De-Registered","Automatic,",5.0,Petrol,https://manheim.co.nz/damaged-vehicles/000000000006970582/2009-mazda-axela-sport-hatch?referringPage=SearchResults
Hyundai,Kona,2022,No,,"7,060",1.0," Left Side Damage, Selling De-Registered","Automatic,",5.0,Petrol,https://manheim.co.nz/damaged-vehicles/000000000006950630/2022-hyundai-kona-2-0-elite-2wd-2-0p-station-wagon?referringPage=SearchResults
Mitsubishi,380,2006,No,$300,"193,748",1.0," Impact Heavy - Rear, Selling De-Registered","5spd Automatic,",5.0,Petrol,https://manheim.co.nz/damaged-vehicles/000000000006970640/2006-mitsubishi-380-3-8p-sedan-a-sedan?referringPage=SearchResults
Nissan,Note,2010,No,$600,"154,416",1.0," Front Damage, Impact Light - Front, Selling De-Registered","Automatic,",5.0,Petrol,https://manheim.co.nz/damaged-vehicles/000000000006970662/2010-nissan-note-hatch?referringPage=SearchResults
Hyundai,Getz,2006,No,$400,,2.0," Engine Damage, Fire Damage, Fire Damage Engine, Fire - Entire Vehicle, Impact Light - Rear, Selling De-Registered","4spd Automatic,",5.0,Petrol,https://manheim.co.nz/damaged-vehicles/000000000006970669/2006-hyundai-getz-1-4-5d-a4-hatch?referringPage=SearchResults
Mazda,Atenza,2006,No,$0,"165,612",0.0," Glass Broken, Ignition Damage, Vandalised - Interior, Impact Light - Front, Impact Light - Left Side, Stolen & Recovered, Selling De-Registered","Automatic,",5.0,Petrol,https://manheim.co.nz/damaged-vehicles/000000000006970692/2006-mazda-atenza-hatch?referringPage=SearchResults
Toyota,Isis,2004,No,$400,,0.0," Front Damage, Selling De-Registered","Automatic,",7.0,Petrol,https://manheim.co.nz/damaged-vehicles/000000000006970729/2004-toyota-isis-platana-station-wagon?referringPage=SearchResults
Nissan,Serena,2005,No,$600,,1.0," Front Damage, Vandalised - Interior, Impact Medium - Front, Impact Light - Rear, Impact Light - Left Side, Impact Light - Right Side, Selling De-Registered",,8.0,Petrol,https://manheim.co.nz/damaged-vehicles/000000000006960733/2005-nissan-serena-station-wagon?referringPage=SearchResults
TRAILER,Prescott,2020,No,$0,,0.0," Chassis Damage, Right Side Damage, Impact Heavy - Entire Vehicle, Selling De-Registered",,,,https://manheim.co.nz/damaged-vehicles/000000000006970745/2020-trailer-prescott-trailer--box-domestic-?referringPage=SearchResults
Nissan,Dualis,2008,No,$500,"243,690",0.0," Front Damage, Selling De-Registered","Automatic,",5.0,Petrol,https://manheim.co.nz/damaged-vehicles/000000000006950750/2008-nissan-dualis-hatch?referringPage=SearchResults
Nissan,Tiida,2005,No,$600,"177,267",1.0," Front Damage, Impact Medium - Front, Selling De-Registered",,5.0,Petrol,https://manheim.co.nz/damaged-vehicles/000000000006970774/2005-nissan-tiida-hatch?referringPage=SearchResults
Audi,A4,2005,Yes,$675,"206,779",1.0," Front Damage, Impact Medium - Front, Selling Registered","Automatic,",5.0,Petrol,https://manheim.co.nz/damaged-vehicles/000000000006920779/2005-audi-a4-sedan?referringPage=SearchResults
Nissan,Bluebird,2010,No,,,, Selling De-Registered,"CVT,",5.0,Petrol,https://manheim.co.nz/damaged-vehicles/000000000006930785/2010-nissan-bluebird-sylphy-4d-sedan?referringPage=SearchResults
Mazda,Axela,2004,No,$400,,0.0," Front Damage, Has Key, Left Side Damage, Roof Damage, Selling De-Registered","Automatic,",5.0,Petrol,https://manheim.co.nz/damaged-vehicles/000000000006950828/2004-mazda-axela-sedan?referringPage=SearchResults
Suzuki,Swift,2006,No,$450,"208,046",1.0," Front Damage, Impact Heavy - Front, Airbags Deployed, Selling De-Registered","4spd Tiptronic,",5.0,Petrol,https://manheim.co.nz/damaged-vehicles/000000000006930858/2006-suzuki-swift-hatch?referringPage=SearchResults
Toyota,Caldina,2007,Yes,$0,,0.0," Impact Light - Front, Stolen & Recovered, Selling Registered","3spd Automatic,",5.0,Petrol,https://manheim.co.nz/damaged-vehicles/000000000006970856/2007-toyota-caldina-station-wagon?referringPage=SearchResults
Toyota,Blade,2006,No,$0,"172,241",1.0," Front Damage, Left Front Damage, Impact Medium - Front, Impact Light - Left Side, Selling De-Registered",,5.0,Petrol,https://manheim.co.nz/damaged-vehicles/000000000006970868/2006-toyota-blade-hatch?referringPage=SearchResults
Honda,Accord,1998,No,$400,,0.0," Front Damage, Glass Broken, Left Front Damage, Left Side Damage, Roof Damage, Selling De-Registered","Automatic,",5.0,Petrol,https://manheim.co.nz/damaged-vehicles/000000000006950866/1998-honda-accord-vti-l-sedan?referringPage=SearchResults
Sterling,Elite Explorer,2002,No,$120,,0.0," Rolled, Selling De-Registered",,,,https://manheim.co.nz/damaged-vehicles/000000000006930895/2002-sterling-elite-explorer-caravan?referringPage=SearchResults
Suzuki,Swift,2023,No,$575,,," Impact Heavy - Right Side, Selling De-Registered","Automatic,",5.0,Hybrid,https://manheim.co.nz/damaged-vehicles/000000000006970890/2023-suzuki-swift-glx-hybrid-1-2ph-hatch?referringPage=SearchResults
Mazda,Demio,2005,No,$600,"184,588",2.0," Rear Damage, Impact Medium - Rear, Selling De-Registered",,5.0,Petrol,https://manheim.co.nz/damaged-vehicles/000000000006970921/2005-mazda-demio-hatch?referringPage=SearchResults
Subaru,Legacy,2005,No,$650,"283,340",1.0," Right Side Damage, Impact Heavy - Right Side, Impact Light - Front, Underbody Damage, Selling De-Registered","6spd Manual,",5.0,Petrol,https://manheim.co.nz/damaged-vehicles/000000000006970932/2005-subaru-legacy-sedan?referringPage=SearchResults
Honda,CRV,2004,No,$0,"251,744",0.0," Front Damage, Has Key, Left Rear Damage, Rear Damage, Selling De-Registered","CVT,",5.0,Petrol,https://manheim.co.nz/damaged-vehicles/000000000006970941/2004-honda-crv-station-wagon?referringPage=SearchResults
Honda,Elysion,2005,No,$575,"169,537",1.0," Left Side Damage, Selling De-Registered",,8.0,Petrol,https://manheim.co.nz/damaged-vehicles/000000000006970951/2005-honda-elysion-type-x-station-wagon?referringPage=SearchResults
Mazda,MAZDA6,2011,No,$1,,0.0," Fire - Entire Vehicle, Selling De-Registered","24spd Automatic,",5.0,Petrol,https://manheim.co.nz/damaged-vehicles/000000000006960957/2011-mazda-mazda6-wagon-glx-2-0-5at-station-wagon?referringPage=SearchResults
Kawasaki,ex,2021,No,$0,,0.0," Front Fork Damaged, Rear Damage, Selling De-Registered",,,Petrol,https://manheim.co.nz/damaged-vehicles/000000000006960961/2021-kawasaki-ex-400gnfan-motorcycle?referringPage=SearchResults
Mazda,Axela,2005,No,$500,"300,357",1.0," Right Rear Damage, Selling De-Registered","Automatic,",5.0,Petrol,https://manheim.co.nz/damaged-vehicles/000000000006960971/2005-mazda-axela-sedan?referringPage=SearchResults
Peugeot,207,2009,No,$650,"92,785",0.0," Front Damage, Impact Medium - Right Side, Impact Light - Front, Selling De-Registered",,5.0,Petrol,https://manheim.co.nz/damaged-vehicles/000000000006971008/2009-peugeot-207-hatch?referringPage=SearchResults
Mazda,CX-5,2012,No,$0,,1.0," Engine Damage, Front Damage, Frame Damaged, Impact Light - Front, Transmission Failure, Selling De-Registered","Automatic,",5.0,Petrol,https://manheim.co.nz/damaged-vehicles/000000000006941004/2012-mazda-cx-5-cx-5-4wd-gsx-2-0-pt-station-wagon?referringPage=SearchResults
Mazda,MAZDA6,2002,Yes,$675,"385,605",1.0," Rear Damage, Impact Medium - Front, Impact Medium - Rear, Impact Light - Left Side, Impact Light - Right Side, Selling Registered","5spd Manual,",5.0,Petrol,https://manheim.co.nz/damaged-vehicles/000000000006971037/2002-mazda-mazda6-wagon-gsx-2-3-m5-station-wagon?referringPage=SearchResults
Suzuki,GSX150,2020,No,$0,,0.0," Stolen & Recovered, Selling De-Registered",,,Petrol,https://manheim.co.nz/damaged-vehicles/000000000006961044/2020-suzuki-gsx150-fdza-gixxer-motorcycle?referringPage=SearchResults
Nissan,X-trail,2006,No,$550,"200,094",0.0," Front Damage, Impact Medium - Front, Selling De-Registered","3spd Automatic,",5.0,Petrol,https://manheim.co.nz/damaged-vehicles/000000000006971108/2006-nissan-x-trail-aut-2-5l-st-f-lift-station-wagon?referringPage=SearchResults
BMW,X1,2023,No,,"6,266",1.0," Right Side Damage, Impact Heavy - Rear, Selling De-Registered","Automatic, Fuel Type, Electri",5.0,Electric,https://manheim.co.nz/damaged-vehicles/000000000006891128/2023-bmw-x1-ix1-x30-230kwh-ev-touring?referringPage=SearchResults
Mazda,Demio,2008,No,$600,,0.0," Interior Damage, Vandalised - Interior, Impact Light - Right Side, Stolen & Recovered, Selling De-Registered","Automatic,",5.0,Petrol,https://manheim.co.nz/damaged-vehicles/000000000006961148/2008-mazda-demio-hatch?referringPage=SearchResults
Mazda,Premacy,2009,No,$700,"136,098",1.0," Right Rear Damage, Impact Medium - Rear, Selling De-Registered",,7.0,Petrol,https://manheim.co.nz/damaged-vehicles/000000000006971191/2009-mazda-premacy-station-wagon?referringPage=SearchResults
Holden,UTE,2003,No,,,0.0," Impact Medium - Front, Selling De-Registered","6spd Manual,",2.0,Petrol,https://manheim.co.nz/damaged-vehicles/000000000006971222/2003-holden-ute-hsv-maloo-manual-utility?referringPage=SearchResults
Toyota,Prius,2013,No,$0,"265,947",1.0," Front Damage, Left Side Damage, Impact Medium - Rear, Impact Medium - Left Side, Impact Light - Front, Selling De-Registered",,5.0,Hybrid,https://manheim.co.nz/damaged-vehicles/000000000006971236/2013-toyota-prius-hybrid-hatch?referringPage=SearchResults
Subaru,Exiga,2012,No,"$1,000","206,487",, Selling De-Registered,"Tiptronic,",7.0,Petrol,https://manheim.co.nz/damaged-vehicles/000000000006931252/2012-subaru-exiga-4d-station-wagon?referringPage=SearchResults
MALIBU,Wakesetter LSV 23 &amp; Trailer,2007,No,"$5,550",,0.0, Selling De-Registered,,,,https://manheim.co.nz/damaged-vehicles/000000000006941282/2007-malibu-wakesetter-lsv-23---trailer-trailer--boat-?referringPage=SearchResults
Volvo,V40,2013,No,$0,"97,260",1.0," Right Front Damage, Selling De-Registered","Automatic,",5.0,Petrol,https://manheim.co.nz/damaged-vehicles/000000000006971396/2013-volvo-v40-hatch?referringPage=SearchResults
Toyota,Markx,2006,No,$0,"160,138",2.0," Stolen & Recovered, Selling De-Registered","Automatic,",5.0,Petrol,https://manheim.co.nz/damaged-vehicles/000000000006971399/2006-toyota-markx-sedan?referringPage=SearchResults
Holden,Commodore,2003,Yes,$425,"325,480",1.0," Glass Broken, Rear Damage, Right Rear Damage, Impact Light - Rear, Selling Registered","Automatic,",5.0,Petrol,https://manheim.co.nz/damaged-vehicles/000000000006971404/2003-holden-commodore-executive-wagon-v6-station-wagon?referringPage=SearchResults
Nissan,March,2016,No,$600,"181,133",1.0," Impact Heavy - Entire Vehicle, Selling De-Registered","Automatic,",5.0,Petrol,https://manheim.co.nz/damaged-vehicles/000000000006971405/2016-nissan-march-hatch?referringPage=SearchResults
Mazda,Demio,2005,Yes,$600,"105,110",0.0," Vandalised - Entire Vehicle, Stolen & Recovered, Selling Registered","Automatic,",5.0,Petrol,https://manheim.co.nz/damaged-vehicles/000000000006971407/2005-mazda-demio-hatch?referringPage=SearchResults
Mazda,Premacy,2009,No,$600,"209,377",1.0," Front Damage, Selling De-Registered","Automatic,",7.0,Petrol,https://manheim.co.nz/damaged-vehicles/000000000006971410/2009-mazda-premacy-station-wagon?referringPage=SearchResults
Nissan,Atlas,2003,No,$450,,1.0," Impact Heavy - Front, Impact Medium - Right Side, Impact Light - Left Side, Underbody Damage, Selling De-Registered","5spd Manual,",6.0,Petrol,https://manheim.co.nz/damaged-vehicles/000000000006921439/2003-nissan-atlas-dual-cab-tray?referringPage=SearchResults
Volkswagen,T-cross,2021,No,,"40,210",1.0," Impact Heavy - Front, Airbags Deployed, Selling De-Registered","Automatic,",5.0,Petrol,https://manheim.co.nz/damaged-vehicles/000000000006951453/2021-volkswagen-t-cross-tsi-r-line-dsg-2wd-station-wagon?referringPage=SearchResults
Honda,Jazz,2021,No,,"15,922",0.0," Rear Damage, Impact Medium - Rear, Selling De-Registered","Automatic,",5.0,Petrol,https://manheim.co.nz/damaged-vehicles/000000000006971461/2021-honda-jazz-e-hev-luxe-1-5ph-e--hatch?referringPage=SearchResults
BMW,X1,2014,No,,"113,825",, Selling De-Registered,"Automatic,",5.0,Petrol,https://manheim.co.nz/damaged-vehicles/000000000006921463/2014-bmw-x1-touring?referringPage=SearchResults
Mitsubishi,Lancer,2005,No,$300,"286,575",0.0," Front Damage, Selling De-Registered","5spd Automatic,",5.0,Petrol,https://manheim.co.nz/damaged-vehicles/000000000006971473/2005-mitsubishi-lancer-2-0p-es-sedan-m-sedan?referringPage=SearchResults
Toyota,Hiace,1995,No,,"332,136",, Selling De-Registered,"4spd Automatic,",7.0,Diesel,https://manheim.co.nz/damaged-vehicles/000000000006971509/1995-toyota-hiace-super-custom-limite-station-wagon?referringPage=SearchResults
Audi,A3,2004,No,$675,,1.0," Airbags Deployed, Front Damage, Impact Medium - Front, Airbags Deployed, Selling De-Registered",,5.0,Petrol,https://manheim.co.nz/damaged-vehicles/000000000006971597/2004-audi-a3-sedan?referringPage=SearchResults
LDV,T60,2018,No,$1,1,0.0," Fire Damage, Fire - Entire Vehicle, Selling De-Registered","Automatic,",5.0,Diesel,https://manheim.co.nz/damaged-vehicles/000000000006971621/2018-ldv-t60-4wd-at-2-8dt-4wd-6a-utility?referringPage=SearchResults
Toyota,Prius,2017,Yes,,"98,678",0.0," Ignition Damage, Impact Light - Left Side, Stolen & Recovered, Selling Registered","Automatic,",5.0,Hybrid,https://manheim.co.nz/damaged-vehicles/000000000006971640/2017-toyota-prius-hatch?referringPage=SearchResults
Suzuki,Swift,2005,No,$600,"246,342",0.0," Rear Damage, Impact Heavy - Rear, Selling De-Registered","Automatic,",5.0,Petrol,https://manheim.co.nz/damaged-vehicles/000000000006971660/2005-suzuki-swift-hatch?referringPage=SearchResults
Toyota,Aqua,2014,No,$0,,0.0," Left Front Damage, Impact Heavy - Left Side, Impact Medium - Front, Selling De-Registered",,5.0,Hybrid,https://manheim.co.nz/damaged-vehicles/000000000006971666/2014-toyota-aqua-hybrid-hatch?referringPage=SearchResults
Honda,Stream,2004,No,$775,,1.0," Front Damage, Impact Heavy - Front, Selling De-Registered",,7.0,Petrol,https://manheim.co.nz/damaged-vehicles/000000000006971704/2004-honda-stream-station-wagon?referringPage=SearchResults
Honda,Civic,2006,No,$600,"282,681",0.0," Front Damage, Rear Damage, Impact Medium - Front, Impact Medium - Rear, Selling De-Registered","5spd Manual,",5.0,Petrol,https://manheim.co.nz/damaged-vehicles/000000000006971862/2006-honda-civic-1-8s-sedan?referringPage=SearchResults
Toyota,Markx,2006,No,$0,"160,929",0.0," Interior Damage, Ignition Damage, Vandalised - Interior, Impact Medium - Left Side, Impact Light - Front, Stolen & Recovered, Selling De-Registered","5spd Automatic,",5.0,Petrol,https://manheim.co.nz/damaged-vehicles/000000000006971880/2006-toyota-markx-sedan?referringPage=SearchResults
SYM,Wolf,2013,No,$0,"22,109",0.0, Selling De-Registered,"Automatic,",,Petrol,https://manheim.co.nz/damaged-vehicles/000000000006931894/2013-sym-wolf-sb-250-motorcycle?referringPage=SearchResults
Toyota,Hilux,2007,No,,"336,625",1.0," Impact Heavy - Right Side, Selling De-Registered","5spd Automatic,",5.0,Petrol,https://manheim.co.nz/damaged-vehicles/000000000006971904/2007-toyota-hilux-4-0p-2wd-sr5-dc-u-5-utility?referringPage=SearchResults
Toyota,Blade,2008,No,$0,"228,720",2.0," Front Damage, Rear Damage, Right Rear Damage, Impact Medium - Rear, Impact Light - Front, Impact Light - Left Side, Selling De-Registered","Automatic,",5.0,Petrol,https://manheim.co.nz/damaged-vehicles/000000000006971907/2008-toyota-blade-hatch?referringPage=SearchResults
Honda,fit,2005,No,$300,"229,756",2.0," Front Damage, Impact Light - Front, Impact Light - Rear, Impact Light - Left Side, Selling De-Registered","4spd Automatic,",5.0,Petrol,https://manheim.co.nz/damaged-vehicles/000000000006971937/2005-honda-fit-hatch?referringPage=SearchResults
Mazda,Axela,2004,No,$600,"201,316",0.0," Right Rear Damage, Impact Heavy - Right Side, Selling De-Registered","Automatic,",5.0,Petrol,https://manheim.co.nz/damaged-vehicles/000000000006971944/2004-mazda-axela-hatch?referringPage=SearchResults
Nissan,Teana,2012,No,"$2,000","172,517",, Selling De-Registered,"CVT,",5.0,Petrol,https://manheim.co.nz/damaged-vehicles/000000000006931943/2012-nissan-teana-250xv-4d-sedan?referringPage=SearchResults
Audi,A3,2003,Yes,$600,"104,424",1.0," Left Front Damage, Impact Light - Left Side, Selling Registered","Automatic,",5.0,Petrol,https://manheim.co.nz/damaged-vehicles/000000000006971955/2003-audi-a3-hatch?referringPage=SearchResults
Mazda,BT-50,2009,No,,"404,313",1.0," Right Front Damage, Impact Medium - Front, Selling De-Registered","5spd Manual,",5.0,Diesel,https://manheim.co.nz/damaged-vehicles/000000000006971974/2009-mazda-bt-50-d-cab-w-s-2wd-sdx-dual-cab-chassis?referringPage=SearchResults
Chrysler,Cherokee,2003,No,$400,,1.0," Left Side Damage, Rear Damage, Impact Heavy - Left Side, Selling De-Registered","Automatic,",5.0,Petrol,https://manheim.co.nz/damaged-vehicles/000000000006971986/2003-chrysler-cherokee-jeep-sport-station-wagon?referringPage=SearchResults
Nissan,Primera,2007,No,$400,"248,066",1.0," Rear Damage, Impact Light - Rear, Impact Light - Left Side, Impact Light - Right Side, Selling De-Registered","Automatic,",5.0,Petrol,https://manheim.co.nz/damaged-vehicles/000000000006971989/2007-nissan-primera-2-0-petrol-sx-wagon-station-wagon?referringPage=SearchResults
Mazda,MAZDA6,2005,No,$500,"186,168",1.0," Front Damage, Impact Medium - Front, Impact Light - Rear, Selling De-Registered","Automatic,",5.0,Petrol,https://manheim.co.nz/damaged-vehicles/000000000006971993/2005-mazda-mazda6-sedan-gsx-2-3-auto-sedan?referringPage=SearchResults
Mazda,Demio,2010,No,$600,"148,599",1.0," Right Front Damage, Impact Heavy - Front, Impact Heavy - Right Side, Airbags Deployed, Underbody Damage, Selling De-Registered","4spd Automatic,",5.0,Petrol,https://manheim.co.nz/damaged-vehicles/000000000006972013/2010-mazda-demio-hatch?referringPage=SearchResults
Toyota,RAV4,1995,Yes,$0,"261,355",0.0," Ignition Damage, Stolen & Recovered, Selling Registered","Automatic,",5.0,Petrol,https://manheim.co.nz/damaged-vehicles/000000000006972020/1995-toyota-rav4-l-station-wagon?referringPage=SearchResults
Ford,Ranger,2021,No,,"68,093",1.0," Front Damage, Impact Heavy - Front, Selling De-Registered","Automatic,",5.0,Diesel,https://manheim.co.nz/damaged-vehicles/000000000006972029/2021-ford-ranger-wildtrak-3-2d-4wd-utility?referringPage=SearchResults
Land Rover,Discovery,2018,No,,1,0.0," Interior Damage, Water Damage, Selling De-Registered","6spd Automatic,",7.0,Diesel,https://manheim.co.nz/damaged-vehicles/000000000006972047/2018-land-rover-discovery-td6-hse-3-0dt-4wd-station-wagon?referringPage=SearchResults
Toyota,Corolla,2018,No,,,1.0," Right Front Damage, Impact Heavy - Right Side, Selling De-Registered","CVT,",5.0,Petrol,https://manheim.co.nz/damaged-vehicles/000000000006972069/2018-toyota-corolla-gx-2-0p-10cvt-hatch?referringPage=SearchResults
Nissan,Tiida,2009,No,$675,,1.0," Glass Broken, Ignition Damage, Rear Damage, Vandalised - Interior, Stolen & Recovered, Selling De-Registered",,5.0,Petrol,https://manheim.co.nz/damaged-vehicles/000000000006972072/2009-nissan-tiida-latio-sedan?referringPage=SearchResults
Toyota,Markx,2005,Yes,$0,"168,825",1.0," Left Front Damage, Impact Medium - Front, Selling Registered",,5.0,Petrol,https://manheim.co.nz/damaged-vehicles/000000000006972081/2005-toyota-markx-250g-sedan?referringPage=SearchResults
BMW,X1,2010,No,$0,,0.0," Right Front Damage, Impact Heavy - Right Side, Impact Medium - Front, Airbags Deployed, Selling De-Registered",,5.0,Petrol,https://manheim.co.nz/damaged-vehicles/000000000006922087/2010-bmw-x1-touring?referringPage=SearchResults
Ducati,M,2010,No,$0,,1.0," Front Damage, Front Fork Damaged, Right Side Damage, Impact Heavy - Front, Selling De-Registered",,,Petrol,https://manheim.co.nz/damaged-vehicles/000000000006972107/2010-ducati-m-696-motorcycle?referringPage=SearchResults
Toyota,Vitz,2004,No,$600,"139,704",1.0," Left Front Damage, Impact Medium - Right Side, Selling De-Registered","Automatic,",5.0,Petrol,https://manheim.co.nz/damaged-vehicles/000000000006972128/2004-toyota-vitz-hatch?referringPage=SearchResults
Daihatsu,Sirion,2003,No,$400,"142,264",1.0," Front Damage, Right Front Damage, Impact Medium - Front, Impact Light - Left Side, Impact Light - Right Side, Selling De-Registered","5spd Manual,",5.0,Petrol,https://manheim.co.nz/damaged-vehicles/000000000006972143/2003-daihatsu-sirion-1-0p-hatch-5m-hatch?referringPage=SearchResults
Toyota,Aqua,2015,No,$0,"118,961",0.0," Front Damage, Interior Damage, Has Key, Left Rear Damage, Left Side Damage, Stolen & Recovered, Selling De-Registered","Automatic,",5.0,Hybrid,https://manheim.co.nz/damaged-vehicles/000000000006972146/2015-toyota-aqua-hatch?referringPage=SearchResults
Mazda,MAZDA2,2014,No,$650,"95,554",1.0," Front Damage, Impact Medium - Right Side, Impact Light - Front, Selling De-Registered",,5.0,Petrol,https://manheim.co.nz/damaged-vehicles/000000000006972159/2014-mazda-mazda2-sport-1-5p4a-ha5d5s-hatch?referringPage=SearchResults
Nissan,Note,2005,No,$500,"207,879",1.0," Left Side Damage, Rear Damage, Selling De-Registered","5spd Automatic,",5.0,Petrol,https://manheim.co.nz/damaged-vehicles/000000000006972162/2005-nissan-note-hatch?referringPage=SearchResults
Suzuki,Swift,2009,Yes,"$1,275","154,232",2.0," Right Front Damage, Impact Light - Front, Impact Light - Right Side, Selling Registered","Automatic,",5.0,Petrol,https://manheim.co.nz/damaged-vehicles/000000000006972172/2009-suzuki-swift-glxha-1-5-5dr-hatch?referringPage=SearchResults
Toyota,Corolla,2006,No,$0,,0.0," Left Rear Damage, Roof Damage, Impact Medium - Rear, Impact Medium - Roof, Selling De-Registered","Automatic,",5.0,Petrol,https://manheim.co.nz/damaged-vehicles/000000000006972192/2006-toyota-corolla-1-8p-ts-hatch5-4a-hatch?referringPage=SearchResults
Toyota,Wish,2004,Yes,$0,,1.0," Left Front Damage, Impact Heavy - Left Side, Selling Registered","Automatic,",7.0,Petrol,https://manheim.co.nz/damaged-vehicles/000000000006952190/2004-toyota-wish-station-wagon?referringPage=SearchResults
Mazda,Demio,2009,No,$650,"192,282",1.0," Right Side Damage, Impact Medium - Right Side, Impact Light - Front, Selling De-Registered","Automatic,",5.0,Petrol,https://manheim.co.nz/damaged-vehicles/000000000006972202/2009-mazda-demio-hatch?referringPage=SearchResults
Kia,Stonic,2023,No,,,1.0," Glass Broken, Left Rear Damage, Impact Medium - Rear, Selling De-Registered","Automatic,",5.0,Petrol,https://manheim.co.nz/damaged-vehicles/000000000006972207/2023-kia-stonic-lx-t-1-0pt-7am-hatch?referringPage=SearchResults
Suzuki,GW250Z,2017,No,$0,"39,593",1.0," Engine Damage, Glass Broken, Frame Damaged, Right Side Damage, Impact Medium - Right Side, Selling De-Registered","Automatic,",,Petrol,https://manheim.co.nz/damaged-vehicles/000000000006942271/2017-suzuki-gw250z-inazuma-motorcycle?referringPage=SearchResults
BMW,Mini,2008,Yes,$0,"129,300",1.0," Roof Damage, Right Side Damage, Impact Heavy - Right Side, Impact Medium - Front, Impact Light - Rear, Selling Registered","Automatic,",4.0,Petrol,https://manheim.co.nz/damaged-vehicles/000000000006942274/2008-bmw-mini-cooper-hatch?referringPage=SearchResults
HOMEBUILT,Trailer,1995,No,$80,,0.0," Frame Damaged, Impact Heavy - Front, Selling De-Registered",,,,https://manheim.co.nz/damaged-vehicles/000000000006932446/1995-homebuilt-trailer-pull-trailer?referringPage=SearchResults
Ford,Ranger,2022,Yes,,"31,822",1.0," Roof Damage, Impact Medium - Left Side, Stolen & Recovered, Selling Registered","Automatic,",5.0,Diesel,https://manheim.co.nz/damaged-vehicles/000000000006962464/2022-ford-ranger-xlt-double-cab-w-sa-dual-cab-utility?referringPage=SearchResults
Toyota,Corolla,2014,No,$0,,0.0," Airbags Deployed, Front Damage, Impact Heavy - Front, Impact Medium - Right Side, Airbags Deployed, Selling De-Registered","CVT,",5.0,Petrol,https://manheim.co.nz/damaged-vehicles/000000000006972487/2014-toyota-corolla-gx-1-8p-hatch-cv-hatch?referringPage=SearchResults
Toyota,Aqua,2013,No,$0,,1.0," Airbags Deployed, Front Damage, Impact Heavy - Front, Impact Heavy - Left Side, Airbags Deployed, Selling De-Registered",,5.0,Hybrid,https://manheim.co.nz/damaged-vehicles/000000000006972488/2013-toyota-aqua-hatch?referringPage=SearchResults
Mazda,MAZDA3,2015,No,$0,,0.0," Airbags Deployed, Front Damage, Impact Heavy - Front, Impact Medium - Right Side, Selling De-Registered","6spd Automatic,",5.0,Petrol,https://manheim.co.nz/damaged-vehicles/000000000006972490/2015-mazda-mazda3-gsx-2-0p-6at-sl-4dr-sedan?referringPage=SearchResults
Toyota,Corolla,2007,No,$0,,1.0," Rear Damage, Impact Heavy - Rear, Selling De-Registered","Automatic,",5.0,Petrol,https://manheim.co.nz/damaged-vehicles/000000000006972617/2007-toyota-corolla-1-8p-glx-sedan-4-4a-sedan?referringPage=SearchResults
Mitsubishi,Colt,2005,Yes,$625,"197,235",0.0," Left Front Damage, Impact Medium - Front, Impact Light - Rear, Impact Light - Left Side, Selling Registered","Automatic,",5.0,Petrol,https://manheim.co.nz/damaged-vehicles/000000000006972619/2005-mitsubishi-colt-1300-hatch?referringPage=SearchResults
Mercedes-Benz,E250,2013,Yes,,"101,769",1.0," Left Front Damage, Impact Medium - Front, Impact Light - Left Side, Selling Registered","Automatic,",5.0,Petrol,https://manheim.co.nz/damaged-vehicles/000000000006962610/2013-mercedes-benz-e250-sedan?referringPage=SearchResults
Nissan,X-trail,2017,No,,,1.0," Front Damage, Impact Heavy - Front, Impact Light - Rear, Selling De-Registered","6spd CVT,",7.0,Petrol,https://manheim.co.nz/damaged-vehicles/000000000006962625/2017-nissan-x-trail-st-l-2-5p-6cvt-station-wagon?referringPage=SearchResults
Nissan,Presage,2006,No,$600,,0.0," Front Damage, Left Front Damage, Impact Heavy - Front, Impact Heavy - Left Side, Selling De-Registered","Automatic,",8.0,Petrol,https://manheim.co.nz/damaged-vehicles/000000000006972621/2006-nissan-presage-station-wagon?referringPage=SearchResults
Holden,Acadia,2019,No,,"116,320",1.0," Chassis Damage, Rear Damage, Right Rear Damage, Impact Heavy - Rear, Suspension Damage, Selling De-Registered","Automatic,",7.0,Petrol,https://manheim.co.nz/damaged-vehicles/000000000006972623/2019-holden-acadia-lt-3-6p-9at-station-wagon?referringPage=SearchResults
Toyota,Camry,2016,No,,"230,611",1.0," Rear Damage, Impact Heavy - Rear, Selling De-Registered","Automatic,",5.0,Petrol,https://manheim.co.nz/damaged-vehicles/000000000006972625/2016-toyota-camry-gl-2-5p-6at-sl-4dr--sedan?referringPage=SearchResults
Mazda,Roadster,1998,No,$0,"200,766",1.0," Left Side Damage, Selling De-Registered","Automatic,",2.0,Petrol,https://manheim.co.nz/damaged-vehicles/000000000006972628/1998-mazda-roadster-coup%C3%A9?referringPage=SearchResults
Nissan,Navara,2005,No,$0,"263,705",2.0," Engine Damage, Front Damage, Dismantled - Engine, Underbody Damage, Selling De-Registered","Manual,",3.0,Diesel,https://manheim.co.nz/damaged-vehicles/000000000006972631/2005-nissan-navara-2-5-2wd-s-c-c-c-die-utility?referringPage=SearchResults
Honda,Inspire,2008,Yes,$0,"232,520",1.0," Glass Broken, Selling Registered","Automatic,",5.0,Petrol,https://manheim.co.nz/damaged-vehicles/000000000006972636/2008-honda-inspire-sedan?referringPage=SearchResults
Mitsubishi,Lancer,2002,No,$1,,0.0," Fire - Entire Vehicle, Stolen & Recovered, Selling De-Registered","Automatic,",5.0,Petrol,https://manheim.co.nz/damaged-vehicles/000000000006972637/2002-mitsubishi-lancer-1-8-gli-sedan-m-sedan?referringPage=SearchResults
Toyota,Vitz,2005,No,$0,"190,857",1.0," Rear Damage, Selling De-Registered","Automatic,",5.0,Petrol,https://manheim.co.nz/damaged-vehicles/000000000006972638/2005-toyota-vitz-hatch?referringPage=SearchResults
Honda,Insight,2009,No,$500,,1.0," Impact Heavy - Front, Airbags Deployed, Selling De-Registered","Automatic,",5.0,Petrol,https://manheim.co.nz/damaged-vehicles/000000000006972641/2009-honda-insight-hatch?referringPage=SearchResults
Mazda,Demio,1998,Yes,$300,"247,026",0.0," Glass Broken, Ignition Damage, Stolen & Recovered, Selling Registered","Automatic,",5.0,Petrol,https://manheim.co.nz/damaged-vehicles/000000000006972642/1998-mazda-demio-hatchback-5-dr-1-5-hatch?referringPage=SearchResults
Mitsubishi,Colt,2005,No,$400,"210,851",2.0," Front Damage, Selling De-Registered","Automatic,",5.0,Petrol,https://manheim.co.nz/damaged-vehicles/000000000006972643/2005-mitsubishi-colt-hatch?referringPage=SearchResults
Daihatsu,Terios,2012,No,$600,,1.0," Front Damage, Left Side Damage, Rear Damage, Rolled, Right Rear Damage, Impact Heavy - Front, Impact Medium - Right Side, Airbags Deployed, Selling De-Registered","Automatic,",5.0,Petrol,https://manheim.co.nz/damaged-vehicles/000000000006972651/2012-daihatsu-terios-sx-1-5p-wagon5-4a-station-wagon?referringPage=SearchResults
Mitsubishi,Triton,2022,No,,"31,010",1.0," Front Damage, Impact Heavy - Front, Impact Heavy - Right Side, Airbags Deployed, Selling De-Registered","Automatic,",5.0,Diesel,https://manheim.co.nz/damaged-vehicles/000000000006972660/2022-mitsubishi-triton-dc-vrxb-6at-2-4d-dual-cab-utility?referringPage=SearchResults
Toyota,Wish,2004,No,$625,,1.0," Front Damage, Impact Heavy - Front, Selling De-Registered",,7.0,Petrol,https://manheim.co.nz/damaged-vehicles/000000000006972672/2004-toyota-wish-station-wagon?referringPage=SearchResults
Chrysler,Jeep,2007,No,,"149,655",1.0," Engine Damage, Interior Damage, Water Damage, Selling De-Registered","4spd Automatic,",5.0,Petrol,https://manheim.co.nz/damaged-vehicles/000000000006972675/2007-chrysler-jeep-wrangler-station-wagon?referringPage=SearchResults
Mitsubishi,Delica,2007,No,$0,,1.0," Front Damage, Impact Medium - Front, Selling De-Registered",,3.0,Petrol,https://manheim.co.nz/damaged-vehicles/000000000006972677/2007-mitsubishi-delica-van?referringPage=SearchResults
Toyota,Aqua,2012,No,$0,,0.0," Front Damage, Rear Damage, Impact Heavy - Front, Impact Heavy - Rear, Selling De-Registered",,5.0,Hybrid,https://manheim.co.nz/damaged-vehicles/000000000006972680/2012-toyota-aqua-hatch?referringPage=SearchResults
Ford,Fiesta,2008,No,$500,"270,961",1.0," Left Side Damage, Impact Medium - Front, Stolen & Recovered, Selling De-Registered","4spd Automatic,",5.0,Petrol,https://manheim.co.nz/damaged-vehicles/000000000006972692/2008-ford-fiesta-5dr-1-6-m-hatch?referringPage=SearchResults
TRAILER,Campervan,2016,No,$0,,0.0," Left Side Damage, Selling De-Registered",,,,https://manheim.co.nz/damaged-vehicles/000000000006892693/2016-trailer-campervan-camper-trailer?referringPage=SearchResults
Mazda,Axela,2007,No,$600,,1.0," Left Front Damage, Selling De-Registered","Automatic,",5.0,Petrol,https://manheim.co.nz/damaged-vehicles/000000000006962725/2007-mazda-axela-hatch?referringPage=SearchResults
Ford,Ranger,2013,No,,"185,321",1.0," Engine Damage, Interior Damage, Water Damage, Selling De-Registered","Automatic,",5.0,Diesel,https://manheim.co.nz/damaged-vehicles/000000000006962742/2013-ford-ranger-3-2td-xlt-dc-w-sa4x-utility?referringPage=SearchResults
Mercedes-Benz,A160,2000,No,$400,,1.0," Right Side Damage, Impact Heavy - Front, Impact Heavy - Right Side, Selling De-Registered",,5.0,Petrol,https://manheim.co.nz/damaged-vehicles/000000000006962756/2000-mercedes-benz-a160-sedan?referringPage=SearchResults
Nissan,Tiida,2007,Yes,$0,"292,920",0.0," Ignition Damage, No Keys, Selling Registered","Automatic,",5.0,Petrol,https://manheim.co.nz/damaged-vehicles/000000000006942762/2007-nissan-tiida-hatch?referringPage=SearchResults
Mazda,Premacy,2005,No,$600,"152,595",1.0," Right Rear Damage, Impact Heavy - Right Side, Selling De-Registered","Automatic,",7.0,Petrol,https://manheim.co.nz/damaged-vehicles/000000000006962796/2005-mazda-premacy-station-wagon?referringPage=SearchResults
Subaru,Legacy,2005,No,$625,"188,737",1.0," Front Damage, Impact Medium - Front, Selling De-Registered",,5.0,Petrol,https://manheim.co.nz/damaged-vehicles/000000000006972805/2005-subaru-legacy-station-wagon?referringPage=SearchResults
Holden,Commodore,2004,No,$600,"128,696",0.0," Front Damage, Impact Heavy - Front, Selling De-Registered","4spd Automatic,",5.0,Petrol,https://manheim.co.nz/damaged-vehicles/000000000006972806/2004-holden-commodore-executive-v6-sedan?referringPage=SearchResults
Kia,Soul,2009,Yes,$0,,0.0," Glass Broken, Interior Damage, Impact Medium - Right Side, Impact Light - Rear, Impact Light - Left Side, Stolen & Recovered, Selling Registered","Automatic,",5.0,Diesel,https://manheim.co.nz/damaged-vehicles/000000000006972807/2009-kia-soul-plus-1-6-diesel-aut-hatch?referringPage=SearchResults
Mazda,MAZDA3,2008,No,$600,"144,404",1.0," Impact Medium - Left Side, Impact Light - Front, Selling De-Registered","Automatic,",5.0,Petrol,https://manheim.co.nz/damaged-vehicles/000000000006942825/2008-mazda-mazda3-sedan-gsx-2-0-m5-sedan?referringPage=SearchResults
LDV,G10,2017,Yes,,,0.0," Interior Damage, Stolen & Recovered, Selling Registered","6spd Automatic,",2.0,Petrol,https://manheim.co.nz/damaged-vehicles/000000000006952840/2017-ldv-g10-t-cargo-2-0p-6at-lv-van?referringPage=SearchResults
Toyota,Estima,1998,No,$0,"277,901",1.0," Left Side Damage, Impact Medium - Left Side, Selling De-Registered","Automatic,",8.0,Petrol,https://manheim.co.nz/damaged-vehicles/000000000006972887/1998-toyota-estima-station-wagon?referringPage=SearchResults
Toyota,Alphard,2005,No,$0,"231,640",1.0," Impact Heavy - Front, Selling De-Registered","Automatic,",8.0,Petrol,https://manheim.co.nz/damaged-vehicles/000000000006972919/2005-toyota-alphard-van?referringPage=SearchResults
Mitsubishi,Outlander,2014,No,$0,"96,722",1.0," Impact Heavy - Front, Selling De-Registered","Automatic,",5.0,Hybrid,https://manheim.co.nz/damaged-vehicles/000000000006972938/2014-mitsubishi-outlander-station-wagon?referringPage=SearchResults
Toyota,Hilux,2000,No,$2,,0.0," Fire - Entire Vehicle, Selling De-Registered","Automatic,",5.0,Diesel,https://manheim.co.nz/damaged-vehicles/000000000006972948/2000-toyota-hilux-3-0td-4wd-d-c-ute-5-utility?referringPage=SearchResults
Honda,Torneo,1997,No,$0,"163,818",1.0," Front Damage, Impact Light - Front, Selling De-Registered",,5.0,Petrol,https://manheim.co.nz/damaged-vehicles/000000000006972963/1997-honda-torneo-sir-sedan?referringPage=SearchResults
Toyota,Aqua,2012,No,$0,,1.0," Left Side Damage, Rear Damage, Right Side Damage, Impact Heavy - Left Side, Impact Heavy - Right Side, Impact Medium - Rear, Selling De-Registered",,5.0,Hybrid,https://manheim.co.nz/damaged-vehicles/000000000006972964/2012-toyota-aqua-hatch?referringPage=SearchResults
Honda,Odyssey,2005,No,$575,,0.0," Interior Damage, Dismantled - Interior, Selling De-Registered","2spd Automatic,",7.0,Petrol,https://manheim.co.nz/damaged-vehicles/000000000006972966/2005-honda-odyssey-station-wagon?referringPage=SearchResults
Suzuki,Swift,2009,No,$600,"133,177",1.0," Rear Damage, Impact Light - Rear, Selling De-Registered",,5.0,Petrol,https://manheim.co.nz/damaged-vehicles/000000000006972967/2009-suzuki-swift-hatch?referringPage=SearchResults
Nissan,Tiida,2009,No,$600,,1.0," Left Side Damage, Right Rear Damage, Impact Medium - Right Side, Selling De-Registered",,5.0,Petrol,https://manheim.co.nz/damaged-vehicles/000000000006972968/2009-nissan-tiida-hatch?referringPage=SearchResults
Ford,Focus,2012,No,$0,"146,530",0.0," Right Rear Damage, Impact Light - Rear, Selling De-Registered","2spd Automatic,",5.0,Petrol,https://manheim.co.nz/damaged-vehicles/000000000006972969/2012-ford-focus-2-0-sport-auto-hatc-hatch?referringPage=SearchResults
Toyota,Wish,2008,No,$0,,1.0," Right Front Damage, Impact Heavy - Right Side, Impact Medium - Front, Impact Medium - Rear, Selling De-Registered",,7.0,Petrol,https://manheim.co.nz/damaged-vehicles/000000000006972970/2008-toyota-wish-station-wagon?referringPage=SearchResults
Crown,Electric Forklift,2023,No,"$1,200",1,0.0," Rolled, Selling De-Registered",,,,https://manheim.co.nz/damaged-vehicles/000000000006943000/2023-crown-electric-forklift-forklift?referringPage=SearchResults
Volkswagen,Golf,2005,No,$500,,1.0," Right Side Damage, Impact Light - Front, Impact Light - Rear, Impact Light - Left Side, Impact Light - Right Side, Selling De-Registered",,5.0,Petrol,https://manheim.co.nz/damaged-vehicles/000000000006973041/2005-volkswagen-golf-hatch?referringPage=SearchResults
Nissan,Wingroad,2008,No,$600,,1.0," Rear Damage, Impact Medium - Rear, Selling De-Registered",,5.0,Petrol,https://manheim.co.nz/damaged-vehicles/000000000006973042/2008-nissan-wingroad-station-wagon?referringPage=SearchResults
Mitsubishi,Outlander,2017,Yes,,,0.0," Left Front Damage, Impact Medium - Front, Impact Light - Left Side, Selling Registered","CVT,",5.0,Petrol,https://manheim.co.nz/damaged-vehicles/000000000006973043/2017-mitsubishi-outlander-ls-2-0p-cvt-station-wagon?referringPage=SearchResults
Nissan,Note,2006,Yes,$0,"110,148",1.0," Right Front Damage, Impact Medium - Right Side, Selling Registered",,5.0,Petrol,https://manheim.co.nz/damaged-vehicles/000000000006973046/2006-nissan-note-hatch?referringPage=SearchResults
Mercedes-Benz,B200,2011,No,$600,"165,122",1.0," Interior Damage, Water Damage, Selling De-Registered",,5.0,Petrol,https://manheim.co.nz/damaged-vehicles/000000000006973047/2011-mercedes-benz-b200-hatch?referringPage=SearchResults
Nissan,Presage,2004,Yes,$650,"158,578",0.0," Right Side Damage, Impact Medium - Right Side, Selling Registered","4spd Automatic,",8.0,Petrol,https://manheim.co.nz/damaged-vehicles/000000000006973048/2004-nissan-presage-station-wagon?referringPage=SearchResults
Toyota,Spacio,2001,No,$0,"167,883",1.0," Rear Damage, Impact Light - Front, Impact Light - Rear, Impact Light - Left Side, Impact Light - Right Side, Selling De-Registered",,5.0,Petrol,https://manheim.co.nz/damaged-vehicles/000000000006973049/2001-toyota-spacio-station-wagon?referringPage=SearchResults
Toyota,Caldina,2007,No,$0,,1.0," Front Damage, Impact Heavy - Front, Impact Heavy - Rear, Selling De-Registered",,5.0,Petrol,https://manheim.co.nz/damaged-vehicles/000000000006963077/2007-toyota-caldina-station-wagon?referringPage=SearchResults
Toyota,Passo,2004,No,$0,"146,957",1.0," Front Damage, Rear Damage, Right Side Damage, Impact Heavy - Rear, Suspension Damage, Selling De-Registered","Automatic,",5.0,Petrol,https://manheim.co.nz/damaged-vehicles/000000000006963136/2004-toyota-passo-hatch?referringPage=SearchResults
Mitsubishi,Outlander,2021,No,,"35,850",1.0," Front Damage, Impact Heavy - Front, Selling De-Registered","Automatic,",7.0,Diesel,https://manheim.co.nz/damaged-vehicles/000000000006973135/2021-mitsubishi-outlander-xls-2-3d-4wd-6at-station-wagon?referringPage=SearchResults
Kawasaki,KDX,1990,No,$0,"13,208",0.0," Stolen & Recovered, Selling De-Registered","Automatic,",,Petrol,https://manheim.co.nz/damaged-vehicles/000000000006903153/1990-kawasaki-kdx-200sr-motorcycle?referringPage=SearchResults
FACTORY BUILT,Evoke,2024,No,$0,573,0.0, Selling De-Registered,"Manual, Fuel Type, Electri",2.0,Electric,https://manheim.co.nz/damaged-vehicles/000000000006973206/2024-factory-built-evoke-urban-mk17-motorcycle?referringPage=SearchResults
TRAILER,CWS2A-STINGER,2015,No,"$1,200",,0.0," Chassis Damage, Left Side Damage, Right Side Damage, Impact Heavy - Rear, Impact Heavy - Right Side, Selling De-Registered",,,,https://manheim.co.nz/damaged-vehicles/000000000006953208/2015-trailer-cws2a-stinger-commercial-trailer?referringPage=SearchResults
Porsche,Macan,2015,No,,"86,206",1.0," Front Damage, Impact Heavy - Front, Selling De-Registered","7spd Automatic,",5.0,Diesel,https://manheim.co.nz/damaged-vehicles/000000000006973256/2015-porsche-macan-s-diesel-3-0d-4wd-7-station-wagon?referringPage=SearchResults
Toyota,Corolla,2007,No,$0,"89,951",1.0," Front Damage, Impact Medium - Front, Impact Light - Left Side, Selling De-Registered",,5.0,Petrol,https://manheim.co.nz/damaged-vehicles/000000000006973258/2007-toyota-corolla-axio-sedan?referringPage=SearchResults
Suzuki,Swift,2009,No,$575,"90,274",0.0," Right Front Damage, Right Side Damage, Impact Medium - Right Side, Impact Light - Front, Impact Light - Left Side, Selling De-Registered",,5.0,Petrol,https://manheim.co.nz/damaged-vehicles/000000000006973259/2009-suzuki-swift-glxa-1-5-5dr-hatch?referringPage=SearchResults
Toyota,Prius,2011,No,$0,,1.0," Front Damage, Impact Heavy - Front, Impact Medium - Left Side, Selling De-Registered",,5.0,Hybrid,https://manheim.co.nz/damaged-vehicles/000000000006973260/2011-toyota-prius-hatch?referringPage=SearchResults
TRAILER,Local,1982,Yes,$0,,0.0," Front Damage, Rear Damage, Selling Registered",,,,https://manheim.co.nz/damaged-vehicles/000000000006973296/1982-trailer-local-trailer?referringPage=SearchResults
EP CQE15S,1.5 Ton,2022,No,$0,,0.0, Selling De-Registered,,,,https://manheim.co.nz/damaged-vehicles/000000000006963311/2022-ep-cqe15s-1-5-ton-walk-behind-stacker?referringPage=SearchResults
Toyota,Hilux,2006,No,,"503,696",0.0," Engine Damage, Interior Damage, Water Damage, Selling De-Registered","Manual,",5.0,Diesel,https://manheim.co.nz/damaged-vehicles/000000000006973368/2006-toyota-hilux-3-0-sr5-dcu-4a-utility?referringPage=SearchResults
MULTIQUIP,MIX N GO,N/A,No,,,, Dismantled - Engine,,,,https://manheim.co.nz/damaged-vehicles/000000000006973369/multiquip-mix-n-go-concrete-mixer?referringPage=SearchResults
Honda,Accord,2005,No,$0,"127,722",1.0," Front Damage, Impact Medium - Left Side, Impact Light - Right Side, Selling De-Registered",,5.0,Petrol,https://manheim.co.nz/damaged-vehicles/000000000006973374/2005-honda-accord-sedan?referringPage=SearchResults
Honda,fit,2014,No,$725,"95,850",1.0," Right Rear Damage, Impact Heavy - Rear, Impact Medium - Right Side, Selling De-Registered",,5.0,Hybrid,https://manheim.co.nz/damaged-vehicles/000000000006973375/2014-honda-fit-hybrid-hatch?referringPage=SearchResults
Honda,Jazz,2007,No,$625,"188,827",2.0," Front Damage, Rear Damage, Impact Medium - Rear, Selling De-Registered","CVT,",5.0,Petrol,https://manheim.co.nz/damaged-vehicles/000000000006973376/2007-honda-jazz-1-3i-5d-cvt-hatch-hatch?referringPage=SearchResults
Holden,Commodore,2007,No,$675,"182,715",0.0," Interior Damage, Salt Water Damage, Selling De-Registered","Automatic,",5.0,Petrol,https://manheim.co.nz/damaged-vehicles/000000000006953409/2007-holden-commodore-sv6-3-6p-5at-sedan?referringPage=SearchResults
Subaru,Legacy,2007,Yes,$750,,," No Major Panel Dmg, Selling Registered","5spd Automatic,",5.0,Petrol,https://manheim.co.nz/damaged-vehicles/000000000006953426/2007-subaru-legacy-station-wagon?referringPage=SearchResults
Subaru,Impreza,2000,No,$300,"424,325",0.0," Front Damage, Selling De-Registered","Automatic,",5.0,Petrol,https://manheim.co.nz/damaged-vehicles/000000000006973500/2000-subaru-impreza-rxi-hatch-5m-station-wagon?referringPage=SearchResults
FACTORY BUILT,Concept Trailers,2018,Yes,$0,,0.0," Stolen & Recovered, Selling Registered",,,,https://manheim.co.nz/damaged-vehicles/000000000006953533/2018-factory-built-concept-trailers-trailer?referringPage=SearchResults
Chrysler,300,2014,No,,"137,972",, Selling De-Registered,"Automatic,",5.0,Petrol,https://manheim.co.nz/damaged-vehicles/000000000006953591/2014-chrysler-300-sedan?referringPage=SearchResults
Mazda,Demio,2008,No,$300,"150,544",1.0," Right Rear Damage, Selling De-Registered","5spd Automatic,",5.0,Petrol,https://manheim.co.nz/damaged-vehicles/000000000006973668/2008-mazda-demio-hatch?referringPage=SearchResults
Mazda,Atenza,2006,No,$600,"211,866",1.0," Front Damage, Right Front Damage, Right Side Damage, Impact Heavy - Right Side, Impact Medium - Front, Selling De-Registered","Automatic,",5.0,Petrol,https://manheim.co.nz/damaged-vehicles/000000000006963695/2006-mazda-atenza-sport-wagon-station-wagon?referringPage=SearchResults
Mercedes-Benz,C200,2002,No,$600,,1.0," Left Front Damage, Left Side Damage, Impact Heavy - Front, Selling De-Registered","Automatic,",4.0,Petrol,https://manheim.co.nz/damaged-vehicles/000000000006963697/2002-mercedes-benz-c200-kompressor-hatch?referringPage=SearchResults
Volvo,V40,2015,No,$625,"160,076",0.0," Right Side Damage, Selling De-Registered","Automatic,",5.0,Diesel,https://manheim.co.nz/damaged-vehicles/000000000006963699/2015-volvo-v40-d4-luxury-2-0d-8at--hatch?referringPage=SearchResults
Audi,A3,2007,No,$600,"113,282",1.0," Front Damage, Impact Medium - Front, Selling De-Registered","Automatic,",5.0,Petrol,https://manheim.co.nz/damaged-vehicles/000000000006963701/2007-audi-a3-2-0t-s-line-hatch?referringPage=SearchResults
Mazda,Axela,2008,No,$500,"107,326",0.0," Right Side Damage, Selling De-Registered","Automatic,",5.0,Petrol,https://manheim.co.nz/damaged-vehicles/000000000006953708/2008-mazda-axela-hatch?referringPage=SearchResults
Suzuki,Swift,2010,No,$500,"130,542",1.0," Front Damage, Rear Damage, Impact Heavy - Front, Impact Heavy - Rear, Selling De-Registered","Automatic,",5.0,Petrol,https://manheim.co.nz/damaged-vehicles/000000000006963717/2010-suzuki-swift-hatch?referringPage=SearchResults
Mazda,Premacy,2007,No,$600,"119,686",1.0," Glass Broken, Roof Damage, Impact Light - Front, Impact Light - Roof, Impact Light - Left Side, Selling De-Registered","Automatic,",7.0,Petrol,https://manheim.co.nz/damaged-vehicles/000000000006963727/2007-mazda-premacy-station-wagon?referringPage=SearchResults
Mazda,Axela,2008,No,$500,"160,269",0.0," Rear Damage, Selling De-Registered","5spd Automatic,",5.0,Petrol,https://manheim.co.nz/damaged-vehicles/000000000006973721/2008-mazda-axela-sedan?referringPage=SearchResults
CARAVAN,Abbey Freestyle 470,2009,No,$0,,0.0," Right Side Damage, Impact Heavy - Right Side, Underbody Damage, Selling De-Registered",,,LPG,https://manheim.co.nz/damaged-vehicles/000000000006973723/2009-caravan-abbey-freestyle-470-caravan?referringPage=SearchResults
Toyota,Aqua,2017,No,$0,"114,547",1.0," Left Front Damage, Impact Heavy - Left Side, Selling De-Registered","4spd Automatic,",5.0,Hybrid,https://manheim.co.nz/damaged-vehicles/000000000006973724/2017-toyota-aqua-hybrid-hatch?referringPage=SearchResults
SYM,Crox,2020,No,$0,"13,605",1.0," Frame Damaged, Right Side Damage, Impact Medium - Front, Selling De-Registered","Automatic,",,Petrol,https://manheim.co.nz/damaged-vehicles/000000000006943721/2020-sym-crox-50-scooter?referringPage=SearchResults
Ford,Fiesta,2005,No,$300,"98,912",0.0," Front Damage, Selling De-Registered","Automatic,",5.0,Petrol,https://manheim.co.nz/damaged-vehicles/000000000006973737/2005-ford-fiesta-fiesta-5dr-1-6-m-hatch?referringPage=SearchResults
Nissan,Tiida,2006,No,$600,,1.0," Front Damage, Impact Heavy - Front, Selling De-Registered","Automatic,",5.0,Petrol,https://manheim.co.nz/damaged-vehicles/000000000006963758/2006-nissan-tiida-hatch?referringPage=SearchResults
Kia,RIO,2015,No,$0,"70,189",0.0," Front Damage, Interior Damage, Impact Heavy - Front, Airbags Deployed, Selling De-Registered","4spd Automatic,",5.0,Petrol,https://manheim.co.nz/damaged-vehicles/000000000006963761/2015-kia-rio-lx-1-4p-4at-ha-5dr--hatch?referringPage=SearchResults
Mazda,Demio,2007,No,$600,"159,725",1.0," Front Damage, Impact Medium - Front, Impact Light - Left Side, Impact Light - Right Side, Selling De-Registered",,5.0,Petrol,https://manheim.co.nz/damaged-vehicles/000000000006973774/2007-mazda-demio-hatch?referringPage=SearchResults
BMW,118i,2006,Yes,$0,"169,278",1.0," Impact Medium - Right Side, Stolen & Recovered, Selling Registered",,5.0,Petrol,https://manheim.co.nz/damaged-vehicles/000000000006973789/2006-bmw-118i-hatch?referringPage=SearchResults
Honda,Accord,1997,No,$575,"255,706",1.0," Front Damage, Impact Medium - Front, Selling De-Registered","Manual,",5.0,Petrol,https://manheim.co.nz/damaged-vehicles/000000000006973813/1997-honda-accord-lxi-manual-sedan?referringPage=SearchResults
Honda,Airwave,2007,No,$625,"159,385",1.0," Left Rear Damage, Left Side Damage, Impact Medium - Left Side, Impact Light - Front, Impact Light - Rear, Impact Light - Right Side, Selling De-Registered",,5.0,Petrol,https://manheim.co.nz/damaged-vehicles/000000000006973856/2007-honda-airwave-station-wagon?referringPage=SearchResults
Scania,114,2003,No,$0,"326,941",0.0, Selling De-Registered,"Manual,",2.0,Diesel,https://manheim.co.nz/damaged-vehicles/000000000006963854/2003-scania-114-p114gb804-380-flat-deck-gvm-32-400kg?referringPage=SearchResults
FORZA,Capri,2023,No,$0,"42,242",1.0," Impact Heavy - Entire Vehicle, Selling De-Registered",,,Petrol,https://manheim.co.nz/damaged-vehicles/000000000006963859/2023-forza-capri-lx-scooter?referringPage=SearchResults
Nissan,Navara,2007,No,$475,,0.0," Airbags Deployed, Front Damage, Rear Damage, Roof Damage, Rolled, Selling De-Registered","Automatic,",5.0,Diesel,https://manheim.co.nz/damaged-vehicles/000000000006963906/2007-nissan-navara-3-0-4wd-d-c-w-s-ven-dual-cab-utility?referringPage=SearchResults
Nissan,Bluebird,2012,No,$0,,1.0," Rear Damage, Impact Medium - Rear, Impact Medium - Left Side, Impact Light - Front, Selling De-Registered",,5.0,Petrol,https://manheim.co.nz/damaged-vehicles/000000000006973915/2012-nissan-bluebird-sylphy-sedan?referringPage=SearchResults
BMW,130i,2006,No,$0,"100,561",1.0," Front Damage, Left Rear Damage, Right Side Damage, Impact Medium - Front, Impact Medium - Right Side, Suspension Damage, Selling De-Registered",,5.0,Petrol,https://manheim.co.nz/damaged-vehicles/000000000006973926/2006-bmw-130i-m-sport-hatch?referringPage=SearchResults
Hitachi,ZX135USL-5D,2021,No,$0,,0.0," Fire Damage, Selling De-Registered",,,,https://manheim.co.nz/damaged-vehicles/000000000006923920/2021-hitachi-zx135usl-5d-excavator---shear-head?referringPage=SearchResults
Toyota,Camry,2008,Yes,$0,,1.0," Left Side Damage, Impact Medium - Left Side, Impact Light - Rear, Dismantled - Interior, Selling Registered","5spd Automatic,",5.0,Petrol,https://manheim.co.nz/damaged-vehicles/000000000006973934/2008-toyota-camry-2-4p-gl-sedan-5a-sedan?referringPage=SearchResults
Mazda,Demio,2009,Yes,$0,,0.0," Left Front Damage, Rear Damage, Impact Light - Front, Impact Light - Rear, Impact Light - Left Side, Impact Light - Right Side, Stolen & Recovered, Selling Registered",,5.0,Petrol,https://manheim.co.nz/damaged-vehicles/000000000006973946/2009-mazda-demio-hatch?referringPage=SearchResults
MG,ZS,2022,No,$0,"15,680",1.0," Engine Damage, Front Damage, Left Front Damage, Impact Medium - Front, Selling De-Registered","Automatic,",5.0,Petrol,https://manheim.co.nz/damaged-vehicles/000000000006973961/2022-mg-zs-t-essence-1-3pt-station-wagon?referringPage=SearchResults
Honda,Odyssey,2007,No,$0,"163,836",1.0," Left Side Damage, Impact Medium - Left Side, Selling De-Registered","Automatic,",7.0,Petrol,https://manheim.co.nz/damaged-vehicles/000000000006973967/2007-honda-odyssey-vtil-7st-2-4-5dr-5a-station-wagon?referringPage=SearchResults
Nissan,Navara,1996,No,$1,,0.0," Fire - Entire Vehicle, Stolen & Recovered, Selling De-Registered","Automatic,",3.0,Diesel,https://manheim.co.nz/damaged-vehicles/000000000006973968/1996-nissan-navara-2-7-s-c-c-c-2wd-dsl-utility?referringPage=SearchResults
Daewoo,Kalos,2005,No,$400,,1.0," Right Side Damage, Impact Heavy - Right Side, Selling De-Registered","4spd Automatic,",5.0,Petrol,https://manheim.co.nz/damaged-vehicles/000000000006973983/2005-daewoo-kalos-1-5-se-5dr-4sp-a-p-hatch?referringPage=SearchResults
Toyota,Sienta,2008,No,$0,,1.0," Front Damage, Rear Damage, Impact Heavy - Rear, Impact Heavy - Left Side, Stolen & Recovered, Selling De-Registered",,7.0,Petrol,https://manheim.co.nz/damaged-vehicles/000000000006943993/2008-toyota-sienta-station-wagon?referringPage=SearchResults
Volkswagen,Polo,2016,No,$0,"54,889",1.0," Front Damage, Rear Damage, Impact Medium - Front, Impact Medium - Rear, Selling De-Registered","Automatic,",5.0,Petrol,https://manheim.co.nz/damaged-vehicles/000000000006974118/2016-volkswagen-polo-tsi-66kw-cl-1-2p-7a-hatch?referringPage=SearchResults
Mitsubishi,Pajero,2001,Yes,$0,,0.0," Glass Broken, Interior Damage, Ignition Damage, Left Front Damage, Impact Light - Front, Impact Light - Rear, Impact Light - Left Side, Stolen & Recovered, Selling Registered","4spd Automatic,",7.0,Petrol,https://manheim.co.nz/damaged-vehicles/000000000006974195/2001-mitsubishi-pajero-gdi-exceed-station-wagon?referringPage=SearchResults
Toyota,Camry,2000,Yes,$0,,1.0," Left Front Damage, Selling Registered","Automatic,",5.0,Petrol,https://manheim.co.nz/damaged-vehicles/000000000006974199/2000-toyota-camry-3-0p-glx-sedan-4a-sedan?referringPage=SearchResults
Volkswagen,Golf,2009,Yes,$0,,0.0," Front Damage, Impact Heavy - Front, Dismantled - Engine, Selling Registered",,5.0,Petrol,https://manheim.co.nz/damaged-vehicles/000000000006974220/2009-volkswagen-golf-gti-hatch?referringPage=SearchResults
Honda,Jazz,2006,No,$600,"148,620",0.0," Rear Damage, Impact Medium - Rear, Selling De-Registered","5spd Manual,",5.0,Petrol,https://manheim.co.nz/damaged-vehicles/000000000006974245/2006-honda-jazz-1-3i-5d-mt-hatch-hatch?referringPage=SearchResults
Toyota,Vitz,2008,Yes,$0,,0.0," Ignition Damage, Left Side Damage, Rear Damage, Vandalised - Interior, Impact Light - Left Side, Stolen & Recovered, Selling Registered",,5.0,Petrol,https://manheim.co.nz/damaged-vehicles/000000000006974250/2008-toyota-vitz-hatch?referringPage=SearchResults
Mitsubishi,Outlander,2008,Yes,,"186,712",, Selling Registered,"5spd,",7.0,Petrol,https://manheim.co.nz/damaged-vehicles/000000000006954251/2008-mitsubishi-outlander-station-wagon?referringPage=SearchResults
Suzuki,Swift,2005,No,$625,"185,682",0.0," Right Rear Damage, Impact Light - Rear, Selling De-Registered","3spd Automatic,",5.0,Petrol,https://manheim.co.nz/damaged-vehicles/000000000006964266/2005-suzuki-swift-hatch?referringPage=SearchResults
Toyota,Platz,2000,No,$0,,0.0," Front Damage, Left Side Damage, Rear Damage, Right Side Damage, Impact Heavy - Rear, Impact Medium - Front, Impact Light - Left Side, Selling De-Registered",,5.0,Petrol,https://manheim.co.nz/damaged-vehicles/000000000006974267/2000-toyota-platz-sedan?referringPage=SearchResults
Toyota,Prius,2009,Yes,,"104,433",1.0," Front Damage, Impact Light - Right Side, Stolen & Recovered, Selling Registered",,5.0,Hybrid,https://manheim.co.nz/damaged-vehicles/000000000006974278/2009-toyota-prius-hatch?referringPage=SearchResults
Peugeot,4008,2012,No,$0,"199,491",1.0," Right Rear Damage, Impact Heavy - Right Side, Underbody Damage, Selling De-Registered","6spd Automatic,",5.0,Petrol,https://manheim.co.nz/damaged-vehicles/000000000006924297/2012-peugeot-4008-feline-4x4-2-0-cvt-touring?referringPage=SearchResults
FOTON,View CS2,2017,No,,"298,665",1.0," Right Front Damage, Right Rear Damage, Right Side Damage, Impact Heavy - Rear, Impact Medium - Left Side, Impact Light - Front, Selling De-Registered","Automatic,",2.0,Diesel,https://manheim.co.nz/damaged-vehicles/000000000006974304/2017-foton-view-cs2-transon-2-8d-5mt-lv-high-roof-van?referringPage=SearchResults
Hyundai,I30,2010,No,$500,,0.0," Front Damage, Impact Heavy - Front, Selling De-Registered","Automatic,",5.0,Petrol,https://manheim.co.nz/damaged-vehicles/000000000006974306/2010-hyundai-i30-wagon-2-0-elite-a4-station-wagon?referringPage=SearchResults
Toyota,Caldina,2007,No,$0,"184,803",1.0," Glass Broken, Ignition Damage, Stolen & Recovered, Selling De-Registered","Automatic,",5.0,Petrol,https://manheim.co.nz/damaged-vehicles/000000000006974310/2007-toyota-caldina-station-wagon?referringPage=SearchResults
Hyundai,Tucson,2016,No,,"116,459",2.0," Right Rear Damage, Selling De-Registered","Automatic,",5.0,Diesel,https://manheim.co.nz/damaged-vehicles/000000000006974329/2016-hyundai-tucson-2-0-crdi-2-0d-4wd-6-station-wagon?referringPage=SearchResults
Toyota,Markx,2006,No,$0,"116,987",1.0," Front Damage, Impact Heavy - Front, Selling De-Registered",,5.0,Petrol,https://manheim.co.nz/damaged-vehicles/000000000006974334/2006-toyota-markx-250g-sedan?referringPage=SearchResults
Toyota,Caldina,2000,Yes,$0,,2.0," Left Front Damage, Left Side Damage, Impact Medium - Left Side, Impact Light - Front, Impact Light - Rear, Selling Registered",,5.0,Petrol,https://manheim.co.nz/damaged-vehicles/000000000006974343/2000-toyota-caldina-station-wagon?referringPage=SearchResults
Peugeot,Expert,2022,No,,"57,000",1.0," Front Damage, Rear Damage, Impact Heavy - Rear, Impact Medium - Front, Selling De-Registered","8spd Automatic,",3.0,Diesel,https://manheim.co.nz/damaged-vehicles/000000000006894348/2022-peugeot-expert-lwb-2-0dt-8at-van?referringPage=SearchResults
Kia,Niro,2022,No,,,2.0," Front Damage, Left Rear Damage, Rear Damage, Impact Heavy - Rear, Selling De-Registered","6spd Automatic,",5.0,Hybrid,https://manheim.co.nz/damaged-vehicles/000000000006934340/2022-kia-niro-water-1-6ph-6am-station-wagon?referringPage=SearchResults
Toyota,Corolla,2018,No,,,1.0," Left Rear Damage, Right Side Damage, Impact Medium - Rear, Selling De-Registered","Automatic,",5.0,Hybrid,https://manheim.co.nz/damaged-vehicles/000000000006954357/2018-toyota-corolla-fielder-station-wagon?referringPage=SearchResults
Audi,A6,2009,No,$0,"67,162",0.0," Left Front Damage, Left Side Damage, Impact Medium - Left Side, Selling De-Registered",,5.0,Petrol,https://manheim.co.nz/damaged-vehicles/000000000006974356/2009-audi-a6-sedan?referringPage=SearchResults
Toyota,Hilux,2019,No,,"103,304",0.0," Engine Damage, Fresh Water Damage, Interior Damage, Selling De-Registered","6spd Automatic,",5.0,Diesel,https://manheim.co.nz/damaged-vehicles/000000000006954411/2019-toyota-hilux-sr5-td-dc-2-8d-4wd-dual-cab-utility?referringPage=SearchResults
TRAILER,Homebuilt Boat Trailer,2010,Yes,"$1,650",,0.0," Left Front Damage, Left Rear Damage, Left Side Damage, Right Front Damage, Right Side Damage, Selling Registered",,,,https://manheim.co.nz/damaged-vehicles/000000000006954567/2010-trailer-homebuilt-boat-trailer-boat---motor-boat-trailer-motor?referringPage=SearchResults
Toyota,Emina,1998,Yes,$0,"398,756",1.0," Impact Medium - Rear, Impact Medium - Right Side, Stolen & Recovered, Selling Registered","Automatic,",8.0,Petrol,https://manheim.co.nz/damaged-vehicles/000000000006974587/1998-toyota-emina-estima-van?referringPage=SearchResults
Toyota,Hiace,1996,No,$0,"377,767",0.0," Front Damage, Impact Heavy - Front, Impact Heavy - Right Side, Selling De-Registered","Manual,",5.0,Petrol,https://manheim.co.nz/damaged-vehicles/000000000006974588/1996-toyota-hiace-2-4p-zl-van-5m-van?referringPage=SearchResults
Toyota,Will,2001,No,$500,"226,067",1.0," Front Damage, Glass Broken, Selling De-Registered","Automatic,",5.0,Petrol,https://manheim.co.nz/damaged-vehicles/000000000006974664/2001-toyota-will-vs-5-door-hatch?referringPage=SearchResults
Nissan,Navara,2017,No,,"167,184",1.0," Front Damage, Selling De-Registered","Automatic,",5.0,Diesel,https://manheim.co.nz/damaged-vehicles/000000000006974684/2017-nissan-navara-st-x-2-3d-7am-ut-4d-utility?referringPage=SearchResults
Mercedes-Benz,Cla-class,2015,Yes,,"80,130",," Impact Medium - Front, Selling Registered","Automatic,",5.0,Petrol,https://manheim.co.nz/damaged-vehicles/000000000006944702/2015-mercedes-benz-cla-class-cla-250-2-0p-7at-sl-4d-sedan?referringPage=SearchResults
Hyundai,Mighty,2020,No,"$2,650",1,0.0," Rolled, Selling De-Registered","Automatic,",3.0,,https://manheim.co.nz/damaged-vehicles/000000000006944721/2020-hyundai-mighty-ex65m-box-body?referringPage=SearchResults
Toyota,Corolla,2002,No,$0,"213,497",1.0," Front Damage, Right Front Damage, Impact Medium - Right Side, Impact Light - Front, Impact Light - Rear, Impact Light - Left Side, Selling De-Registered",,5.0,Petrol,https://manheim.co.nz/damaged-vehicles/000000000006974739/2002-toyota-corolla-runx-x-hatch?referringPage=SearchResults
Mercedes-Benz,C200,2008,No,$0,,1.0," Front Damage, Impact Heavy - Front, Impact Light - Left Side, Selling De-Registered",,5.0,Petrol,https://manheim.co.nz/damaged-vehicles/000000000006974743/2008-mercedes-benz-c200-kompressor-sedan?referringPage=SearchResults
Toyota,Aqua,2016,No,$0,,0.0," Front Damage, Rear Damage, Impact Heavy - Front, Selling De-Registered","Automatic,",5.0,Hybrid,https://manheim.co.nz/damaged-vehicles/000000000006974758/2016-toyota-aqua-hatch?referringPage=SearchResults
Nissan,Note,2006,No,$550,,1.0," Front Damage, Impact Heavy - Front, Selling De-Registered","CVT,",5.0,Petrol,https://manheim.co.nz/damaged-vehicles/000000000006974763/2006-nissan-note-hatch?referringPage=SearchResults
Holden,Cruze,2013,No,$0,"161,649",1.0," Rear Damage, Impact Medium - Right Side, Suspension Damage, Selling De-Registered","Automatic,",5.0,Petrol,https://manheim.co.nz/damaged-vehicles/000000000006974826/2013-holden-cruze-sri-hb-1-4t-at-hatch?referringPage=SearchResults
LDV,T60,2021,No,,,1.0," Right Front Damage, Selling De-Registered","Automatic,",2.0,Diesel,https://manheim.co.nz/damaged-vehicles/000000000006914846/2021-ldv-t60-4wd-mt-2-8dt-4wd-6m-utility?referringPage=SearchResults
Mazda,Demio,1998,No,$300,"133,503",1.0," Rear Damage, Selling De-Registered","4spd Automatic,",5.0,Petrol,https://manheim.co.nz/damaged-vehicles/000000000006974872/1998-mazda-demio-hatchback-5-dr-1-5-hatch?referringPage=SearchResults
Chevrolet,Corvette,1985,No,,"101,813",0.0," Left Front Damage, Impact Heavy - Front, Selling De-Registered","Automatic,",5.0,Petrol,https://manheim.co.nz/damaged-vehicles/000000000006974878/1985-chevrolet-corvette-coup%C3%A9?referringPage=SearchResults
Suzuki,Swift,2018,No,$0,"111,819",1.0," Front Damage, Impact Heavy - Front, Selling De-Registered",,5.0,Petrol,https://manheim.co.nz/damaged-vehicles/000000000006974893/2018-suzuki-swift-hatch?referringPage=SearchResults
Nissan,X-trail,2008,No,$600,,0.0," Left Rear Damage, Right Rear Damage, Right Side Damage, Impact Heavy - Rear, Selling De-Registered","Automatic,",5.0,Petrol,https://manheim.co.nz/damaged-vehicles/000000000006954911/2008-nissan-x-trail-station-wagon?referringPage=SearchResults
Toyota,Markx,2006,Yes,$0,"143,757",1.0," Glass Broken, Interior Damage, Ignition Damage, Stolen & Recovered, Selling Registered","Automatic,",5.0,Petrol,https://manheim.co.nz/damaged-vehicles/000000000006974931/2006-toyota-markx-250-g-sedan?referringPage=SearchResults
Toyota,Funcargo,2004,No,$775,"241,783",1.0," Left Side Damage, Selling De-Registered","Automatic,",5.0,Petrol,https://manheim.co.nz/damaged-vehicles/000000000006974936/2004-toyota-funcargo-hatch?referringPage=SearchResults
Lincoln,Electric Vantage 580,N/A,No,,"2,260 HR Showing, Transmission, H/",, Dismantled - Engine,H/,,,https://manheim.co.nz/damaged-vehicles/000000000006854981/lincoln-electric-vantage-580-trailer?referringPage=SearchResults
Subaru,Legacy,2005,No,$500,"164,423",1.0," Front Damage, Rear Damage, Selling De-Registered","Automatic,",5.0,Petrol,https://manheim.co.nz/damaged-vehicles/000000000006974980/2005-subaru-legacy-station-wagon?referringPage=SearchResults
Mazda,Demio,2006,No,$400,"225,757",1.0," Interior Damage, Left Front Damage, Stolen & Recovered, Selling De-Registered","5spd Automatic,",5.0,Petrol,https://manheim.co.nz/damaged-vehicles/000000000006974993/2006-mazda-demio-hatch?referringPage=SearchResults
Isuzu,N Series,2014,No,$0,"358,152",1.0," Front Damage, Roof Damage, Right Side Damage, Selling De-Registered","Automatic,",3.0,Diesel,https://manheim.co.nz/damaged-vehicles/000000000006975059/2014-isuzu-n-series-nlr250s-amt-truck-gcm-9-000kg?referringPage=SearchResults
Mazda,CX-7,2011,No,$1,,0.0," Fire - Entire Vehicle, Stolen & Recovered, Selling De-Registered","Automatic,",5.0,Petrol,https://manheim.co.nz/damaged-vehicles/000000000006975109/2011-mazda-cx-7-2wd-gsx-2-5-5at-station-wagon?referringPage=SearchResults
CARAVAN,Lunar,2016,Yes,"$10,050",,0.0," Fire Damage, Interior Fire Damage, Selling Registered",,,,https://manheim.co.nz/damaged-vehicles/000000000006965126/2016-caravan-lunar-caravan?referringPage=SearchResults
BMW,328i,2013,No,$0,,1.0," Front Damage, Impact Heavy - Front, Selling De-Registered",,5.0,Petrol,https://manheim.co.nz/damaged-vehicles/000000000006965127/2013-bmw-328i-sedan?referringPage=SearchResults
Mazda,Demio,2008,No,$400,"139,078",1.0," Right Front Damage, Right Side Damage, Impact Medium - Front, Impact Light - Rear, Selling De-Registered","Automatic,",5.0,Petrol,https://manheim.co.nz/damaged-vehicles/000000000006945146/2008-mazda-demio-hatch?referringPage=SearchResults
Nissan,Murano,2004,No,$0,,0.0," Glass Broken, Ignition Damage, Left Side Damage, Malicious/Vandalised, Impact Medium - Left Side, Dismantled - Interior, Selling De-Registered",,5.0,Petrol,https://manheim.co.nz/damaged-vehicles/000000000006975167/2004-nissan-murano-station-wagon?referringPage=SearchResults
Haval,H2,2021,No,$0,"31,197",0.0," Right Front Damage, Right Side Damage, Selling De-Registered","Automatic,",5.0,Petrol,https://manheim.co.nz/damaged-vehicles/000000000006975237/2021-haval-h2-premium-1-5pt-station-wagon?referringPage=SearchResults
Toyota,RAV4,2003,No,$0,"149,811",1.0," Chassis Damage, Engine Damage, Front Damage, Impact Heavy - Front, Selling De-Registered","Automatic,",5.0,Petrol,https://manheim.co.nz/damaged-vehicles/000000000006975241/2003-toyota-rav4-2-0p-4wd-wagon5-4a-station-wagon?referringPage=SearchResults
Toyota,Altezza,2000,No,$0,"168,934",1.0," Interior Damage, Ignition Damage, Stolen & Recovered, Selling De-Registered","Automatic,",5.0,Petrol,https://manheim.co.nz/damaged-vehicles/000000000006975242/2000-toyota-altezza-sedan?referringPage=SearchResults
Nissan,Maxima,2001,Yes,$725,"251,730",1.0," Left Side Damage, Underbody Damage, Selling Registered","4spd Automatic,",5.0,Petrol,https://manheim.co.nz/damaged-vehicles/000000000006975275/2001-nissan-maxima-3-0-st-auto-sedan?referringPage=SearchResults
Mazda,MPV,2011,No,$600,"275,717",1.0," Front Damage, Rear Damage, Impact Heavy - Front, Impact Heavy - Rear, Selling De-Registered","Automatic,",7.0,Petrol,https://manheim.co.nz/damaged-vehicles/000000000006975285/2011-mazda-mpv-station-wagon?referringPage=SearchResults
BMW,3 Series,2008,Yes,$0,,0.0," Front Damage, Impact Medium - Front, Impact Light - Rear, Selling Registered","Automatic,",5.0,Petrol,https://manheim.co.nz/damaged-vehicles/000000000006975301/2008-bmw-3-series-sedan?referringPage=SearchResults
Toyota,Corolla,2019,No,,,1.0," Front Damage, Left Front Damage, Left Side Damage, Impact Heavy - Front, Selling De-Registered",,5.0,Hybrid,https://manheim.co.nz/damaged-vehicles/000000000006975305/2019-toyota-corolla-touring-station-wagon?referringPage=SearchResults
Mercedes-Benz,C200,2014,No,,,0.0," Front Damage, Impact Heavy - Front, Airbags Deployed, Selling De-Registered","Automatic,",5.0,Petrol,https://manheim.co.nz/damaged-vehicles/000000000006975316/2014-mercedes-benz-c200-sedan?referringPage=SearchResults
Honda,fit,2006,No,$400,"84,103",1.0," Rear Damage, Right Front Damage, Selling De-Registered","Automatic,",5.0,Petrol,https://manheim.co.nz/damaged-vehicles/000000000006955323/2006-honda-fit-hatch?referringPage=SearchResults
Mazda,Demio,2010,Yes,$0,,1.0," Interior Damage, Vandalised - Interior, Impact Light - Left Side, Stolen & Recovered, Selling Registered",,5.0,Petrol,https://manheim.co.nz/damaged-vehicles/000000000006975328/2010-mazda-demio-hatch?referringPage=SearchResults
KUHN,Sileage Rake,2000,No,$560,,0.0, Selling De-Registered,,,,https://manheim.co.nz/damaged-vehicles/000000000006945337/2000-kuhn-sileage-rake-rake?referringPage=SearchResults
Mazda,MAZDA6,2006,No,$600,"256,813",2.0," Chassis Damage, Impact Heavy - Rear, Selling De-Registered","6spd Manual,",5.0,Petrol,https://manheim.co.nz/damaged-vehicles/000000000006975330/2006-mazda-mazda6-wagon-gsx-2-3-m6-station-wagon?referringPage=SearchResults
Toyota,Ipsum,2006,No,$0,,0.0," Rear Damage, Impact Heavy - Rear, Selling De-Registered",,7.0,Petrol,https://manheim.co.nz/damaged-vehicles/000000000006975399/2006-toyota-ipsum-240i-station-wagon?referringPage=SearchResults
International,S3600,1992,No,"$1,200",,0.0," Fire Damage, Fire Damage Engine, Fire - Entire Vehicle, Selling De-Registered",,2.0,Diesel,https://manheim.co.nz/damaged-vehicles/000000000006955419/1992-international-s3600-tipper-truck-gvm-23-500kg?referringPage=SearchResults
Toyota,Corolla,2009,Yes,$0,"194,338",1.0," Left Side Damage, Impact Medium - Left Side, Impact Light - Rear, Impact Light - Right Side, Selling Registered","4spd Automatic,",5.0,Petrol,https://manheim.co.nz/damaged-vehicles/000000000006975413/2009-toyota-corolla-1-8p-gx-sedan-4-4a-sedan?referringPage=SearchResults
Nissan,Skyline,2002,No,$0,,0.0," Left Front Damage, Impact Medium - Front, Impact Medium - Left Side, Selling De-Registered","4spd Automatic,",5.0,Petrol,https://manheim.co.nz/damaged-vehicles/000000000006975414/2002-nissan-skyline-sedan?referringPage=SearchResults
Nissan,Bluebird,2007,No,$0,"112,606",1.0," Rear Damage, Impact Light - Front, Impact Light - Rear, Selling De-Registered","Automatic,",5.0,Petrol,https://manheim.co.nz/damaged-vehicles/000000000006975438/2007-nissan-bluebird-sylphy-sedan?referringPage=SearchResults
Toyota,Landcruiser Prado,2014,Yes,,"305,021",0.0," Interior Damage, Dismantled - Interior, Selling Registered","Automatic,",7.0,Diesel,https://manheim.co.nz/damaged-vehicles/000000000006955452/2014-toyota-landcruiser-prado-vx-3-0td-5a-station-wagon?referringPage=SearchResults
Triumph,Bonneville,2007,No,$0,"44,859",1.0," Front Damage, Impact Heavy - Front, Selling De-Registered",,,Petrol,https://manheim.co.nz/damaged-vehicles/000000000006875475/2007-triumph-bonneville-america-900mk-motorcycle?referringPage=SearchResults
TRANSFLEET,TDA/T1/T2/6,1993,No,"$2,400",1,0.0," Rolled, Selling De-Registered",,,,https://manheim.co.nz/damaged-vehicles/000000000006915472/1993-transfleet-tda-t1-t2-6-commercial-trailer?referringPage=SearchResults
Honda,VT,2008,No,$0,,0.0," Impact Light - Front, Selling De-Registered","Automatic,",,Petrol,https://manheim.co.nz/damaged-vehicles/000000000006935508/2008-honda-vt-750-motorcycle?referringPage=SearchResults
Honda,CB,2005,No,$0,,1.0," Front Damage, Right Side Damage, Impact Medium - Left Side, Impact Medium - Right Side, Selling De-Registered",,,Petrol,https://manheim.co.nz/damaged-vehicles/000000000006925509/2005-honda-cb-900-motorcycle?referringPage=SearchResults
KATO,17vx,2018,No,$0,"1,534 HR Showing, Transmission, Automatic, Engine, 3 Cyl, Fuel Type, Diese",0.0," Engine Damage, Rolled, Selling De-Registered","Automatic,",,Diesel,https://manheim.co.nz/damaged-vehicles/000000000006945637/2018-kato-17vx-digger-excavator-excavator?referringPage=SearchResults
Volvo,B12B Heavy Bus/service Coach,2005,No,$400,,0.0," Fire Damage, Fire Damage Engine, Selling De-Registered","Automatic,",,Diesel,https://manheim.co.nz/damaged-vehicles/000000000006925737/2005-volvo-b12b-heavy-bus-service-coach-bus?referringPage=SearchResults
Holden,Barina Spark,2014,Yes,$0,"50,161",1.0," Right Rear Damage, Right Side Damage, Impact Heavy - Right Side, Selling Registered","Automatic,",5.0,Petrol,https://manheim.co.nz/damaged-vehicles/000000000006975758/2014-holden-barina-spark-cd-1-2p4a-ha5s-hatch?referringPage=SearchResults
Mazda,Demio,2004,No,$0,"97,783",0.0," Glass Broken, Interior Damage, Ignition Damage, Left Side Damage, Right Rear Damage, Vandalised - Interior, Impact Light - Right Side, Stolen & Recovered, Selling De-Registered",,5.0,Petrol,https://manheim.co.nz/damaged-vehicles/000000000006975760/2004-mazda-demio-hatch?referringPage=SearchResults
Honda,Insight,2011,No,$0,"218,346",1.0," Front Damage, Impact Medium - Front, Impact Medium - Right Side, Selling De-Registered","4spd Automatic,",5.0,Petrol,https://manheim.co.nz/damaged-vehicles/000000000006975776/2011-honda-insight-s-hatch?referringPage=SearchResults
Nissan,Condor,1992,No,"$6,750",1,1.0," Right Front Damage, Selling De-Registered",,,Diesel,https://manheim.co.nz/damaged-vehicles/000000000006945798/1992-nissan-condor-flat-deck-truck-gvm-9-200kg?referringPage=SearchResults
Mitsubishi,Triton,2004,No,$0,"411,853",0.0," Interior Damage, Ignition Damage, Left Front Damage, Stolen & Recovered, Water Damage, Selling De-Registered","Automatic,",5.0,Diesel,https://manheim.co.nz/damaged-vehicles/000000000006935804/2004-mitsubishi-triton-4wd-2-8td-dble-cab-dual-cab-utility?referringPage=SearchResults
TRAILER,Bucc 605,2004,No,$560,,0.0," Chassis Damage, Underbody Damage, Selling De-Registered",,,,https://manheim.co.nz/damaged-vehicles/000000000006965834/2004-trailer-bucc-605-boat---trailer?referringPage=SearchResults
Tesla,Model 3,2019,No,,"77,735",1.0," Chassis Damage, Frame Damaged, Rear Damage, Impact Heavy - Front, Impact Heavy - Rear, Suspension Damage, Selling De-Registered","Automatic, Fuel Type, Electri",5.0,Electric,https://manheim.co.nz/damaged-vehicles/000000000006975874/2019-tesla-model-3-standard-range--195-sedan?referringPage=SearchResults
Nissan,Atlas,1998,No,$0,"203,567",0.0," Left Side Damage, Rear Damage, Right Side Damage, Selling De-Registered","Automatic,",3.0,,https://manheim.co.nz/damaged-vehicles/000000000006955892/1998-nissan-atlas-akr66-service-truck?referringPage=SearchResults
Toyota,RAV4,2003,No,$0,"153,546",1.0," Left Front Damage, Right Side Damage, Selling De-Registered","Automatic,",4.0,Petrol,https://manheim.co.nz/damaged-vehicles/000000000006975981/2003-toyota-rav4-1-8l-hatch?referringPage=SearchResults
Mazda,Demio,2009,No,$500,"140,200",0.0," Left Side Damage, Right Front Damage, Selling De-Registered","Automatic,",5.0,Petrol,https://manheim.co.nz/damaged-vehicles/000000000006975983/2009-mazda-demio-hatch?referringPage=SearchResults
ROYAL ENFIELD,Himalayan,2022,No,$0,"11,610",1.0," Impact Medium - Right Side, Impact Light - Left Side, Selling De-Registered","Automatic,",,Petrol,https://manheim.co.nz/damaged-vehicles/000000000006936081/2022-royal-enfield-himalayan-motorcycle?referringPage=SearchResults
Mazda,Premacy,2006,No,$600,"148,182",0.0," Right Rear Damage, Selling De-Registered","Manual,",7.0,Petrol,https://manheim.co.nz/damaged-vehicles/000000000006966115/2006-mazda-premacy-station-wagon?referringPage=SearchResults
Holden,VT Commodore,2000,No,,,1.0," Rear Damage, Right Rear Damage, Impact Heavy - Right Side, Suspension Damage, Selling De-Registered","Automatic,",50.0,Petrol,https://manheim.co.nz/damaged-vehicles/000000000006976118/2000-holden-vt-commodore-hsv-clubsport-r8-au-sedan?referringPage=SearchResults
Ford,Transit,2019,No,"$5,250",,," Impact Light - Rear, Selling De-Registered","6spd Manual,",3.0,Diesel,https://manheim.co.nz/damaged-vehicles/000000000006956167/2019-ford-transit-cargo-van-470e-van?referringPage=SearchResults
Toyota,Markx,2006,Yes,"$1,100",,," Impact Light - Front, Impact Light - Right Side, Selling Registered","Automatic,",5.0,Petrol,https://manheim.co.nz/damaged-vehicles/000000000006936177/2006-toyota-markx-4d-sedan?referringPage=SearchResults
Mazda,Demio,2009,Yes,$0,"142,562",0.0," Ignition Damage, Vandalised - Interior, Impact Light - Front, Impact Light - Left Side, Stolen & Recovered, Selling Registered",,5.0,Petrol,https://manheim.co.nz/damaged-vehicles/000000000006976203/2009-mazda-demio-hatch?referringPage=SearchResults
Mazda,Demio,2013,No,$0,"48,205",0.0," Left Front Damage, Right Front Damage, Right Side Damage, Impact Medium - Front, Impact Medium - Left Side, Impact Medium - Right Side, Selling De-Registered",,5.0,Petrol,https://manheim.co.nz/damaged-vehicles/000000000006976204/2013-mazda-demio-hatch?referringPage=SearchResults
Kia,Sportage,2008,No,$0,"236,183",1.0," Left Rear Damage, Impact Medium - Rear, Selling De-Registered","Automatic,",5.0,Petrol,https://manheim.co.nz/damaged-vehicles/000000000006976209/2008-kia-sportage-2-0-auto-station-wagon?referringPage=SearchResults
Mazda,Roadster,1998,No,$200,"177,004",," Ignition Damage, Rear Damage, Right Rear Damage, Stolen & Recovered, Selling De-Registered","5spd Automatic,",2.0,Petrol,https://manheim.co.nz/damaged-vehicles/000000000006936236/1998-mazda-roadster-roadster?referringPage=SearchResults
Toyota,Avensis,2003,Yes,$0,"309,948",1.0," Left Side Damage, Impact Medium - Left Side, Impact Light - Front, Underbody Damage, Selling Registered","5spd Automatic,",5.0,Petrol,https://manheim.co.nz/damaged-vehicles/000000000006916230/2003-toyota-avensis-station-wagon?referringPage=SearchResults
Mitsubishi,Lancer,2007,No,$0,"181,827",1.0," Left Side Damage, Impact Heavy - Left Side, Selling De-Registered","Automatic,",5.0,Petrol,https://manheim.co.nz/damaged-vehicles/000000000006976271/2007-mitsubishi-lancer-2-0p-sx-sedan-auto-sedan?referringPage=SearchResults
Hyundai,Terracan,2006,No,$0,"292,981",2.0," Left Front Damage, Impact Medium - Left Side, Selling De-Registered","5spd Manual,",7.0,Diesel,https://manheim.co.nz/damaged-vehicles/000000000006976272/2006-hyundai-terracan-2-9-crd-5d-m5-station-wagon?referringPage=SearchResults
Toyota,Corolla,2012,No,$600,"102,861",1.0," Front Damage, Left Side Damage, Right Side Damage, Selling De-Registered","5spd Automatic,",5.0,Petrol,https://manheim.co.nz/damaged-vehicles/000000000006966309/2012-toyota-corolla-1-8p-glx-hatch-5-4a-hatch?referringPage=SearchResults
Suzuki,Swift,2017,No,$0,,0.0," Airbags Deployed, Engine Damage, Front Damage, Has Key, Impact Heavy - Front, Selling De-Registered","Automatic,",5.0,Petrol,https://manheim.co.nz/damaged-vehicles/000000000006916312/2017-suzuki-swift-glxab-hatch?referringPage=SearchResults
UD TRUCKS,MK11280,2016,No,"$3,050","477,937",0.0," Left Front Damage, Suspension Damage, Selling De-Registered","Automatic, Fuel Type, Diese",,Diesel,https://manheim.co.nz/damaged-vehicles/000000000006956335/2016-ud-trucks-mk11280-truck-gvm-11-000kg?referringPage=SearchResults
Kubota,KX018-4,2018,No,,"2,486 HR Showing, Transmission, Manual H/L, Drive Type, Four Wheel Drive, Fuel Type, Diese",, Impact Medium - Rear,"Manual H/L, Drive Type, Four Wheel Drive, Fuel Type, Diese",,Diesel,https://manheim.co.nz/damaged-vehicles/000000000006966343/2018-kubota-kx018-4-excavator?referringPage=SearchResults
Toyota,Aqua,2014,No,$0,"39,351",1.0," Front Damage, Right Front Damage, Impact Heavy - Front, Selling De-Registered","Automatic,",5.0,Hybrid,https://manheim.co.nz/damaged-vehicles/000000000006976345/2014-toyota-aqua-hatch?referringPage=SearchResults
Honda,Civic,1996,No,$300,"258,592",0.0," Front Damage, Impact Medium - Front, Selling De-Registered","Automatic,",5.0,Petrol,https://manheim.co.nz/damaged-vehicles/000000000006966351/1996-honda-civic-hatch?referringPage=SearchResults
Toyota,Auris,2008,No,$0,"100,100",1.0," Right Front Damage, Impact Heavy - Front, Impact Light - Left Side, Impact Light - Right Side, Selling De-Registered","Automatic,",5.0,Petrol,https://manheim.co.nz/damaged-vehicles/000000000006956377/2008-toyota-auris-hatch?referringPage=SearchResults
Toyota,Landcruiser,2010,No,,"108,495",, Selling De-Registered,"Automatic,",5.0,Petrol,https://manheim.co.nz/damaged-vehicles/000000000006926429/2010-toyota-landcruiser-prado-station-wagon?referringPage=SearchResults
Suzuki,UZ50,2016,No,$0,"10,633",0.0," Ignition Damage, Malicious/Vandalised, Selling De-Registered","Automatic,",,Petrol,https://manheim.co.nz/damaged-vehicles/000000000006966465/2016-suzuki-uz50-scooter?referringPage=SearchResults
Nissan,Tiida,2008,No,$500,"107,104",1.0," Left Front Damage, Impact Heavy - Left Side, Impact Medium - Front, Selling De-Registered","4spd Automatic,",5.0,Petrol,https://manheim.co.nz/damaged-vehicles/000000000006966491/2008-nissan-tiida-latio-sedan?referringPage=SearchResults
Honda,Jazz,2009,No,$400,"58,223",1.0," Chassis Damage, Front Damage, Impact Heavy - Front, Dismantled - Interior, Selling De-Registered","5spd Automatic,",5.0,Petrol,https://manheim.co.nz/damaged-vehicles/000000000006966494/2009-honda-jazz-1-5s-hatch?referringPage=SearchResults
Ssangyong,Actyon Sport,2015,No,$0,"159,258",, Selling De-Registered,"6spd Manual,",5.0,Diesel,https://manheim.co.nz/damaged-vehicles/000000000006916490/2015-ssangyong-actyon-sport-2wd-man-d-workmate-dual-cab-utility?referringPage=SearchResults
Suzuki,Swift,2011,Yes,$0,"83,533",1.0," Front Damage, Left Front Damage, Left Rear Damage, Left Side Damage, Impact Heavy - Left Side, Selling Registered",,5.0,Petrol,https://manheim.co.nz/damaged-vehicles/000000000006956521/2011-suzuki-swift-hatch?referringPage=SearchResults
Mitsubishi,Galant,2008,No,$600,"186,454",0.0," Front Damage, Selling De-Registered","Automatic,",5.0,Petrol,https://manheim.co.nz/damaged-vehicles/000000000006946560/2008-mitsubishi-galant-station-wagon?referringPage=SearchResults
Honda,Odyssey,2008,Yes,,,, Selling Registered,,7.0,Petrol,https://manheim.co.nz/damaged-vehicles/000000000006936635/2008-honda-odyssey-5d-station-wagon?referringPage=SearchResults
ROYAL ENFIELD,Classic,2019,No,$0,"256,874",1.0," Left Front Damage, Right Front Damage, Impact Heavy - Front, Selling De-Registered","Automatic,",,Petrol,https://manheim.co.nz/damaged-vehicles/000000000006936652/2019-royal-enfield-classic-motorcycle?referringPage=SearchResults
Volkswagen,Golf,2008,Yes,$0,,1.0," Left Side Damage, Right Side Damage, Impact Heavy - Left Side, Impact Heavy - Right Side, Underbody Damage, Selling Registered","Tiptronic,",5.0,Petrol,https://manheim.co.nz/damaged-vehicles/000000000006926765/2008-volkswagen-golf-gti-hatch?referringPage=SearchResults
Mazda,BT-50,2014,Yes,,"245,810",, Selling Registered,"6spd Manual,",4.0,,https://manheim.co.nz/damaged-vehicles/000000000006926804/2014-mazda-bt-50-glx-c-p-w-s-3-2d-4w-dual-cab-utility-xtra-cab?referringPage=SearchResults
Toyota,Caldina,2007,No,$0,"217,434",0.0," Right Side Damage, Impact Heavy - Right Side, Stolen & Recovered, Selling De-Registered","Automatic,",5.0,Petrol,https://manheim.co.nz/damaged-vehicles/000000000006976830/2007-toyota-caldina-station-wagon?referringPage=SearchResults
TRAILER,Local Domestic,2005,No,$80,,0.0," Left Side Damage, Under Body Damage, Selling De-Registered",,,,https://manheim.co.nz/damaged-vehicles/000000000006926840/2005-trailer-local-domestic-trailer?referringPage=SearchResults
Ford,Courier,2006,No,$15,,0.0," Right Side Damage, Stolen & Recovered, Selling De-Registered","Automatic,",4.0,Diesel,https://manheim.co.nz/damaged-vehicles/000000000006957097/2006-ford-courier-utility?referringPage=SearchResults
Subaru,Legacy,2006,No,$600,"251,678",1.0," Left Side Damage, Impact Heavy - Left Side, Selling De-Registered","Automatic,",5.0,Petrol,https://manheim.co.nz/damaged-vehicles/000000000006957126/2006-subaru-legacy-b-sort-station-wagon?referringPage=SearchResults
Porsche,Cayenne,2015,No,,"161,881",0.0," Front Damage, Impact Heavy - Front, Impact Medium - Rear, Selling De-Registered","8spd Automatic,",5.0,Diesel,https://manheim.co.nz/damaged-vehicles/000000000006967125/2015-porsche-cayenne-s-diesel-4-1d-4wd-8-station-wagon?referringPage=SearchResults
Mazda,Demio,2009,No,$650,,1.0," Right Front Damage, Impact Heavy - Front, Impact Heavy - Rear, Selling De-Registered",,5.0,Petrol,https://manheim.co.nz/damaged-vehicles/000000000006967142/2009-mazda-demio-hatch?referringPage=SearchResults
MITSUBISHI FUSO,Fighter,2007,No,"$2,150","784,389",1.0," Front Damage, Impact Heavy - Front, Impact Heavy - Right Side, Underbody Damage, Selling De-Registered","5spd Manual H/L,",3.0,Diesel,https://manheim.co.nz/damaged-vehicles/000000000006937190/2007-mitsubishi-fuso-fighter-fk250l6-curtainside-gvm-12-000kg?referringPage=SearchResults
RAM,1500,2022,No,,,2.0," Rear Damage, Impact Heavy - Rear, Selling De-Registered","Automatic,",5.0,Petrol,https://manheim.co.nz/damaged-vehicles/000000000006957200/2022-ram-1500-limited-std-night-5-station-wagon?referringPage=SearchResults
Suzuki,Swift,2004,No,$600,"102,403",0.0," Impact Heavy - Left Side, Selling De-Registered","Automatic,",5.0,Petrol,https://manheim.co.nz/damaged-vehicles/000000000006967213/2004-suzuki-swift-hatch?referringPage=SearchResults
Toyota,Corolla,2008,No,$600,"229,138",0.0," Glass Broken, Left Front Damage, Left Rear Damage, Right Side Damage, Selling De-Registered","Automatic,",5.0,Petrol,https://manheim.co.nz/damaged-vehicles/000000000006967235/2008-toyota-corolla-hatch?referringPage=SearchResults
Suzuki,SX4,2008,No,$600,"162,303",1.0," Engine Damage, Front Damage, Impact Heavy - Front, Selling De-Registered","Automatic,",5.0,Petrol,https://manheim.co.nz/damaged-vehicles/000000000006967236/2008-suzuki-sx4-hatch?referringPage=SearchResults
Toyota,Corolla,2007,No,$0,,1.0," Left Rear Damage, Left Side Damage, Impact Heavy - Left Side, Selling De-Registered","Automatic,",5.0,Petrol,https://manheim.co.nz/damaged-vehicles/000000000006957241/2007-toyota-corolla-fielder-station-wagon?referringPage=SearchResults
Mazda,MAZDA2,2016,No,$600,"120,944",1.0," Impact Heavy - Front, Airbags Deployed, Selling De-Registered","Automatic,",5.0,Petrol,https://manheim.co.nz/damaged-vehicles/000000000006957277/2016-mazda-mazda2-hatch-gsx-1-5-6at-hatch?referringPage=SearchResults
FELLA,Front Mounted Crimper,2015,No,$0,,0.0, Selling De-Registered,,,,https://manheim.co.nz/damaged-vehicles/000000000006877303/2015-fella-front-mounted-crimper-mower?referringPage=SearchResults
Caterpillar,525c,2008,No,$0,,," Impact Light - Left Side, Impact Light - Right Side",,,,https://manheim.co.nz/damaged-vehicles/000000000006767390/2008-caterpillar-525c-forestry-machinery-skidde?referringPage=SearchResults
Toyota,Hilux,2007,No,,,1.0, Selling De-Registered,"5spd Manual,",5.0,Diesel,https://manheim.co.nz/damaged-vehicles/000000000006957417/2007-toyota-hilux-3-0td-4wd-sr5-dcu-5-utility?referringPage=SearchResults
Nissan,Sylphy,2013,No,$0,,0.0," Rear Damage, Impact Heavy - Rear, Impact Light - Front, Impact Light - Right Side, Selling De-Registered","Automatic,",5.0,Petrol,https://manheim.co.nz/damaged-vehicles/000000000006917456/2013-nissan-sylphy-sedan?referringPage=SearchResults
Suzuki,GSX150,2021,No,$0,"5,986",1.0," Front Damage, Impact Medium - Front, Impact Light - Left Side, Selling De-Registered",,,Petrol,https://manheim.co.nz/damaged-vehicles/000000000006967672/2021-suzuki-gsx150-dxa-gixxer-motorcycle?referringPage=SearchResults
Toyota,Ractis,2006,No,$400,"190,749",0.0," Left Front Damage, Impact Medium - Right Side, Selling De-Registered","Automatic,",5.0,Petrol,https://manheim.co.nz/damaged-vehicles/000000000006967735/2006-toyota-ractis-station-wagon?referringPage=SearchResults
Toyota,Hiace,2005,No,,,1.0," Front Damage, Impact Heavy - Front, Impact Light - Rear, Selling De-Registered",,3.0,Petrol,https://manheim.co.nz/damaged-vehicles/000000000006967754/2005-toyota-hiace-van?referringPage=SearchResults
Subaru,Legacy,2004,Yes,$700,,1.0," Interior Damage, Selling Registered",,5.0,Petrol,https://manheim.co.nz/damaged-vehicles/000000000006967775/2004-subaru-legacy-sedan?referringPage=SearchResults
Nissan,March,2005,No,$500,"291,495",1.0," Rear Damage, Impact Medium - Front, Impact Light - Left Side, Selling De-Registered",,5.0,Petrol,https://manheim.co.nz/damaged-vehicles/000000000006967779/2005-nissan-march-hatch?referringPage=SearchResults
Toyota,C-hr,2017,No,,,1.0," Front Damage, Rear Damage, Impact Heavy - Front, Impact Heavy - Rear, Airbags Deployed, Selling De-Registered",,5.0,Hybrid,https://manheim.co.nz/damaged-vehicles/000000000006967785/2017-toyota-c-hr-hybrid-station-wagon?referringPage=SearchResults
Suzuki,GSX250FRLL9,2020,Yes,$0,"19,258",1.0," Front Damage, Right Front Damage, Right Rear Damage, Selling Registered",,,Petrol,https://manheim.co.nz/damaged-vehicles/000000000006967793/2020-suzuki-gsx250frll9-motorcycle?referringPage=SearchResults
Nissan,Tiida,2009,No,$500,"127,530",0.0," Front Damage, Glass Broken, Rear Damage, Selling De-Registered","5spd Automatic,",5.0,Petrol,https://manheim.co.nz/damaged-vehicles/000000000006967851/2009-nissan-tiida-hatch?referringPage=SearchResults
Suzuki,Splash,2011,No,$400,"113,099",0.0," Front Damage, Has Key, Selling De-Registered","Manual,",5.0,Petrol,https://manheim.co.nz/damaged-vehicles/000000000006967858/2011-suzuki-splash-glx-hatch?referringPage=SearchResults
Chrysler,Jeep,2015,No,"$1,000",,," Impact Heavy - Left Side, Impact Light - Rear, Selling De-Registered","Automatic,",5.0,Petrol,https://manheim.co.nz/damaged-vehicles/000000000006907853/2015-chrysler-jeep-compass-5d-station-wagon?referringPage=SearchResults
Subaru,Legacy,2005,No,$500,,1.0," Front Damage, Impact Heavy - Front, Selling De-Registered","Automatic,",5.0,Petrol,https://manheim.co.nz/damaged-vehicles/000000000006967954/2005-subaru-legacy-station-wagon?referringPage=SearchResults
Kia,Picanto,2024,No,,474,1.0," Front Damage, Rear Damage, Right Rear Damage, Impact Heavy - Right Side, Selling De-Registered","4spd Automatic,",5.0,Petrol,https://manheim.co.nz/damaged-vehicles/000000000006958043/2024-kia-picanto-gt-line-1-2p-4at-hatch?referringPage=SearchResults
TRANSPORT TRAILERS,4A,2005,No,$0,,0.0," Chassis Damage, Rolled, Impact Heavy - Entire Vehicle, Suspension Damage, Selling De-Registered",,,,https://manheim.co.nz/damaged-vehicles/000000000006898120/2005-transport-trailers-4a-tipping-trailer-a-tipping-trailer?referringPage=SearchResults
Nissan,Leaf,2018,No,,"56,632",1.0," Front Damage, Interior Damage, Selling De-Registered","Automatic, Fuel Type, Electri",5.0,Electric,https://manheim.co.nz/damaged-vehicles/000000000006948148/2018-nissan-leaf-zero-emission-hatch?referringPage=SearchResults
TRAILER,Homebuilt,2007,No,$400,,0.0," Impact Medium - Left Side, Selling De-Registered",,,,https://manheim.co.nz/damaged-vehicles/000000000006898195/2007-trailer-homebuilt-box-body-chiller?referringPage=SearchResults
HOMEBUILT,Boat Trailer &amp; Jetboat,2016,No,$0,,0.0," Water Damage, Selling De-Registered",,,,https://manheim.co.nz/damaged-vehicles/000000000006968207/2016-homebuilt-boat-trailer---jetboat-trailer--boat--viper-330?referringPage=SearchResults
Subaru,Impreza,2008,No,$600,"113,380",1.0," Front Damage, Impact Heavy - Front, Selling De-Registered",,5.0,Petrol,https://manheim.co.nz/damaged-vehicles/000000000006968210/2008-subaru-impreza-hatch?referringPage=SearchResults
Mazda,Axela,2006,No,$500,"115,893",0.0," Front Damage, Selling De-Registered","Automatic,",5.0,Petrol,https://manheim.co.nz/damaged-vehicles/000000000006968238/2006-mazda-axela-hatch?referringPage=SearchResults
Hyundai,IX35,2011,Yes,$0,,0.0," Front Damage, No Keys, Stolen & Recovered, Selling Registered","Automatic,",5.0,Petrol,https://manheim.co.nz/damaged-vehicles/000000000006968242/2011-hyundai-ix35-2-4-elite-a6-station-wagon?referringPage=SearchResults
Ford,Ranger,2017,No,,"44,185",0.0," Interior Damage, Has Key, Water Damage, Selling De-Registered","Manual,",2.0,Diesel,https://manheim.co.nz/damaged-vehicles/000000000006968243/2017-ford-ranger-utility?referringPage=SearchResults
Harley-Davidson,Sportster,2016,No,$0,,0.0," Impact Heavy - Front, Selling De-Registered","6spd Manual,",,Petrol,https://manheim.co.nz/damaged-vehicles/000000000006968260/2016-harley-davidson-sportster-16-iron-883-motorcycle?referringPage=SearchResults
Mazda,Atenza,2004,Yes,$0,"231,925",0.0," Glass Broken, Ignition Damage, Left Front Damage, Left Rear Damage, Stolen & Recovered, Selling Registered","Automatic,",5.0,Petrol,https://manheim.co.nz/damaged-vehicles/000000000006958261/2004-mazda-atenza-sedan?referringPage=SearchResults
Mazda,Demio,2008,No,$400,"142,618",1.0," Left Side Damage, Impact Heavy - Front, Airbags Deployed, Selling De-Registered","Automatic,",5.0,Petrol,https://manheim.co.nz/damaged-vehicles/000000000006958262/2008-mazda-demio-hatch?referringPage=SearchResults
Isuzu,ELF,1997,No,$0,"477,864",0.0," Interior Damage, Stolen & Recovered, Selling De-Registered","5spd Manual Dogleg + Reverse,",3.0,Diesel,https://manheim.co.nz/damaged-vehicles/000000000006968273/1997-isuzu-elf-nkr71-truck-gcm-8-500kg?referringPage=SearchResults
Nissan,Bluebird,2005,No,$300,"129,753",1.0," Front Damage, Impact Medium - Front, Selling De-Registered","5spd Manual,",5.0,Petrol,https://manheim.co.nz/damaged-vehicles/000000000006968311/2005-nissan-bluebird-sylphy-sedan?referringPage=SearchResults
Mazda,Demio,2008,No,$600,"144,351",1.0," Right Front Damage, Right Rear Damage, Impact Heavy - Front, Selling De-Registered",,5.0,Petrol,https://manheim.co.nz/damaged-vehicles/000000000006968314/2008-mazda-demio-hatch?referringPage=SearchResults
Mazda,Demio,2004,Yes,$500,"295,347",0.0," Ignition Damage, Left Side Damage, Vandalised - Interior, Impact Light - Rear, Stolen & Recovered, Selling Registered","4spd,",5.0,Petrol,https://manheim.co.nz/damaged-vehicles/000000000006968346/2004-mazda-demio-hatch?referringPage=SearchResults
Subaru,Outback,2009,No,$500,"184,476",0.0," Airbags Deployed, Left Rear Damage, Left Side Damage, Impact Heavy - Left Side, Selling De-Registered","Automatic,",5.0,Petrol,https://manheim.co.nz/damaged-vehicles/000000000006968348/2009-subaru-outback-wag-2-5i-cvt-station-wagon?referringPage=SearchResults
Mazda,Demio,2006,No,$500,"166,119",0.0," Front Damage, Rear Damage, Impact Light - Front, Selling De-Registered","4spd Automatic,",5.0,Petrol,https://manheim.co.nz/damaged-vehicles/000000000006958341/2006-mazda-demio-hatch?referringPage=SearchResults
Kia,Carnival,2023,No,,"14,678",1.0," Front Damage, Rear Damage, Impact Heavy - Rear, Impact Medium - Front, Selling De-Registered","Automatic,",8.0,Diesel,https://manheim.co.nz/damaged-vehicles/000000000006958347/2023-kia-carnival-ex-2-2dt-8at-station-wagon?referringPage=SearchResults
Harley-Davidson,Revolutionmax,2023,Yes,$0,"5,591",1.0," Impact Medium - Right Side, Selling Registered","Automatic,",,Petrol,https://manheim.co.nz/damaged-vehicles/000000000006958361/2023-harley-davidson-revolutionmax-23-nightster-sp-motorcycle?referringPage=SearchResults
CARAVAN,Lunar Lexon,2004,No,"$8,050",,0.0," Interior Damage, Rear Damage, Selling De-Registered",,,,https://manheim.co.nz/damaged-vehicles/000000000006928386/2004-caravan-lunar-lexon-caravan?referringPage=SearchResults
Honda,Civic,2019,No,,"33,125",1.0," Water Damage, Selling De-Registered","Automatic,",4.0,Petrol,https://manheim.co.nz/damaged-vehicles/000000000006958463/2019-honda-civic-type-r-2-0pt-6mt-hatch?referringPage=SearchResults
Subaru,XV,2018,No,,"73,073",1.0," Rear Damage, Water Damage, Selling De-Registered","Automatic,",5.0,Petrol,https://manheim.co.nz/damaged-vehicles/000000000006958468/2018-subaru-xv-sport-2-0p-4wd-7at-station-wagon?referringPage=SearchResults
TRANSFLEET,4TD5-29,2003,No,"$1,200",,0.0," Impact Heavy - Left Side, Underbody Damage, Selling De-Registered",,,,https://manheim.co.nz/damaged-vehicles/000000000006918469/2003-transfleet-4td5-29-trailer?referringPage=SearchResults
Toyota,Prius,2020,No,,"73,974",1.0," Impact Medium - Front, Selling De-Registered","Automatic,",5.0,Hybrid,https://manheim.co.nz/damaged-vehicles/000000000006968471/2020-toyota-prius-hatch?referringPage=SearchResults
Nissan,X-trail,2002,No,$500,"220,357",1.0," Left Side Damage, Right Side Damage, Impact Medium - Left Side, Selling De-Registered","Automatic,",5.0,Petrol,https://manheim.co.nz/damaged-vehicles/000000000006968506/2002-nissan-x-trail-2-5-5dr-wagon-4a-p-station-wagon?referringPage=SearchResults
Toyota,Crown,2005,No,$0,"141,139",1.0," Right Front Damage, Selling De-Registered","Automatic,",5.0,Petrol,https://manheim.co.nz/damaged-vehicles/000000000006958517/2005-toyota-crown-royal-saloon-sedan?referringPage=SearchResults
Mitsubishi,Mirage,1997,No,$300,"315,955",1.0," Left Front Damage, Impact Heavy - Left Side, Impact Medium - Right Side, Selling De-Registered","Automatic,",5.0,Petrol,https://manheim.co.nz/damaged-vehicles/000000000006948511/1997-mitsubishi-mirage-hatch?referringPage=SearchResults
Audi,Q7,2007,Yes,,"138,505",0.0," Left Front Damage, Impact Medium - Left Side, Selling Registered","Automatic,",5.0,Petrol,https://manheim.co.nz/damaged-vehicles/000000000006968520/2007-audi-q7-station-wagon?referringPage=SearchResults
Nissan,Leaf,2017,No,,"95,595",1.0," Interior Damage, Left Side Damage, Airbags Deployed, Selling De-Registered",,5.0,Electric,https://manheim.co.nz/damaged-vehicles/000000000006968556/2017-nissan-leaf-hatch?referringPage=SearchResults
Toyota,Wish,2008,No,$650,"144,604",1.0," Front Damage, Impact Heavy - Front, Airbags Deployed, Selling De-Registered","Automatic,",7.0,Petrol,https://manheim.co.nz/damaged-vehicles/000000000006968586/2008-toyota-wish-1-8l-station-wagon?referringPage=SearchResults
Nissan,Navara,2022,No,,"98,724",1.0," Left Side Damage, Impact Medium - Front, Impact Medium - Left Side, Selling De-Registered","Automatic,",5.0,Diesel,https://manheim.co.nz/damaged-vehicles/000000000006908666/2022-nissan-navara-st-2-3d-7at-dual-cab-utility?referringPage=SearchResults
Nissan,Pulsar,2002,No,$425,"369,851",1.0," Left Side Damage, Impact Light - Front, Selling De-Registered","Automatic,",5.0,Petrol,https://manheim.co.nz/damaged-vehicles/000000000006968683/2002-nissan-pulsar-lx-sedan-auto-sedan?referringPage=SearchResults
Ford,Mustang,2016,No,,,1.0," Chassis Damage, Right Rear Damage, Impact Heavy - Rear, Selling De-Registered","Automatic,",4.0,Petrol,https://manheim.co.nz/damaged-vehicles/000000000006968712/2016-ford-mustang-5-0l-convertible-at-cabriolet?referringPage=SearchResults
Nissan,AD,2011,No,$0,,1.0," Rear Damage, Impact Heavy - Rear, Impact Light - Front, Selling De-Registered",,5.0,Petrol,https://manheim.co.nz/damaged-vehicles/000000000006968844/2011-nissan-ad-station-wagon?referringPage=SearchResults
ZEPHYR,Caravan,1987,Yes,$0,,0.0," Hail Dmg, Roof Damage, Selling Registered",,,,https://manheim.co.nz/damaged-vehicles/000000000006968850/1987-zephyr-caravan-caravan?referringPage=SearchResults
Mazda,Familia,1998,No,$350,"118,330",1.0," Rear Damage, Impact Light - Front, Impact Light - Rear, Selling De-Registered","Automatic,",5.0,Petrol,https://manheim.co.nz/damaged-vehicles/000000000006968870/1998-mazda-familia-station-wagon?referringPage=SearchResults
Holden,Trailblazer,2019,No,,,1.0," Front Damage, Selling De-Registered","Automatic,",7.0,Diesel,https://manheim.co.nz/damaged-vehicles/000000000006888881/2019-holden-trailblazer-ltz-2-8dt-4wd-6at-station-wagon?referringPage=SearchResults
Honda,Integra,1996,No,$300,,0.0," Front Damage, Right Front Damage, Selling De-Registered","5spd Automatic,",5.0,Petrol,https://manheim.co.nz/damaged-vehicles/000000000006948902/1996-honda-integra-sj-sedan?referringPage=SearchResults
Mitsubishi,Eclipse Cross,2022,No,,"12,298",1.0," Front Damage, Airbags Deployed, Impact Heavy - Entire Vehicle, Selling De-Registered","Automatic,",5.0,Petrol,https://manheim.co.nz/damaged-vehicles/000000000006958906/2022-mitsubishi-eclipse-cross-xls-1-5p-8cvt-station-wagon?referringPage=SearchResults
TRAILER TANKER,Engineering 38000,1997,No,$0,,0.0, Selling De-Registered,,,,https://manheim.co.nz/damaged-vehicles/000000000006968916/1997-trailer-tanker-engineering-38000-tanker--gas-?referringPage=SearchResults
E VERTICAL LI,MVP090,2023,No,$800,,1.0, Selling De-Registered,,,,https://manheim.co.nz/damaged-vehicles/000000000006948918/2023-e-vertical-li-mvp090-tow-truck--lift-?referringPage=SearchResults
Ford,Focus,2023,No,,"11,223",1.0," Chassis Damage, Front Damage, Impact Medium - Front, Impact Light - Right Side, Selling De-Registered","Automatic,",5.0,Hybrid,https://manheim.co.nz/damaged-vehicles/000000000006958950/2023-ford-focus-active-1-0pmh-hatch?referringPage=SearchResults
Triumph,Speedmaster,2016,No,$0,"55,362",1.0," Front Damage, Impact Medium - Left Side, Selling De-Registered",,,Petrol,https://manheim.co.nz/damaged-vehicles/000000000006918969/2016-triumph-speedmaster-a3-ml6-motorcycle?referringPage=SearchResults
Toyota,Allion,2006,No,$0,"93,737",0.0," Front Damage, Interior Damage, Rear Damage, Stolen & Recovered, Selling De-Registered","Automatic,",5.0,Petrol,https://manheim.co.nz/damaged-vehicles/000000000006949012/2006-toyota-allion-a1-5-sedan?referringPage=SearchResults
Nissan,Wingroad,2016,Yes,,"133,519",, Selling Registered,"Automatic,",5.0,Petrol,https://manheim.co.nz/damaged-vehicles/000000000006929103/2016-nissan-wingroad-5d-station-wagon?referringPage=SearchResults
Suzuki,Swift,2004,No,$500,"203,273",1.0," Front Damage, Impact Light - Front, Selling De-Registered","Automatic,",5.0,Petrol,https://manheim.co.nz/damaged-vehicles/000000000006969135/2004-suzuki-swift-hatch?referringPage=SearchResults
Mazda,626,2001,No,$200,"396,690",1.0," Front Damage, Impact Heavy - Front, Airbags Deployed, Selling De-Registered","Manual,",5.0,Petrol,https://manheim.co.nz/damaged-vehicles/000000000006959213/2001-mazda-626-sedan-glx-2-0-m5-sedan?referringPage=SearchResults
Toyota,Spade,2013,No,$600,"37,563",0.0," Left Side Damage, Selling De-Registered","5spd Automatic,",5.0,Petrol,https://manheim.co.nz/damaged-vehicles/000000000006969279/2013-toyota-spade-hatch?referringPage=SearchResults
Subaru,Impreza,2009,No,$600,"142,858",1.0," Engine Damage, Left Front Damage, Impact Heavy - Left Side, Selling De-Registered","Automatic,",5.0,Petrol,https://manheim.co.nz/damaged-vehicles/000000000006969332/2009-subaru-impreza-station-wagon?referringPage=SearchResults
Isuzu,D-max,2011,No,,"225,289",1.0," Chassis Damage, Engine Damage, Front Damage, Impact Medium - Front, Selling De-Registered","Manual,",5.0,Diesel,https://manheim.co.nz/damaged-vehicles/000000000006969333/2011-isuzu-d-max-ls-manual-2wd-dual-cab-utility?referringPage=SearchResults
Renault,Scenic II,2004,No,$400,,1.0," Glass Broken, Right Side Damage, Impact Medium - Right Side, Selling De-Registered","Automatic,",5.0,Petrol,https://manheim.co.nz/damaged-vehicles/000000000006969335/2004-renault-scenic-ii-2-0-5dr-4sp-a-p-hatch?referringPage=SearchResults
Holden,Rodeo 4X4,2004,No,$0,"325,334",0.0," Front Damage, Left Side Damage, Suspension Damage, Selling De-Registered","Automatic,",5.0,Diesel,https://manheim.co.nz/damaged-vehicles/000000000006969340/2004-holden-rodeo-4x4-lt-crew-3l-man-dual-cab-utility?referringPage=SearchResults
Nissan,Tiida,2009,No,$600,,1.0," Water Damage, Selling De-Registered","7spd Manual,",5.0,Petrol,https://manheim.co.nz/damaged-vehicles/000000000006969342/2009-nissan-tiida-hatch?referringPage=SearchResults
Mazda,Demio,2008,No,$0,"124,813",1.0," Water Damage, Selling De-Registered","Automatic,",5.0,Petrol,https://manheim.co.nz/damaged-vehicles/000000000006969343/2008-mazda-demio-hatch?referringPage=SearchResults
BMW,320i,2007,No,$0,"134,016",1.0," Engine Damage, Left Front Damage, Impact Heavy - Front, Impact Heavy - Left Side, Selling De-Registered","Automatic,",5.0,Petrol,https://manheim.co.nz/damaged-vehicles/000000000006969349/2007-bmw-320i-sedan?referringPage=SearchResults
Suzuki,Swift,2007,No,$600,,1.0," Front Damage, Impact Heavy - Front, Selling De-Registered",,5.0,Petrol,https://manheim.co.nz/damaged-vehicles/000000000006969382/2007-suzuki-swift-hatch?referringPage=SearchResults
Toyota,C-hr,2021,No,,,1.0," Front Damage, Rear Damage, Impact Heavy - Front, Impact Heavy - Rear, Selling De-Registered",,5.0,Hybrid,https://manheim.co.nz/damaged-vehicles/000000000006969386/2021-toyota-c-hr-limited-1-8ph-hd-station-wagon?referringPage=SearchResults
Mitsubishi,Canter,2007,No,"$1,310","363,183",1.0," Impact Medium - Front, Underbody Damage, Selling De-Registered","5spd Automatic,",3.0,Diesel,https://manheim.co.nz/damaged-vehicles/000000000006959404/2007-mitsubishi-canter-service-truck?referringPage=SearchResults
Mazda,Atenza,2010,No,$0,"178,764",1.0," Front Damage, Left Side Damage, Impact Medium - Front, Impact Medium - Rear, Selling De-Registered","Automatic,",5.0,Petrol,https://manheim.co.nz/damaged-vehicles/000000000006959408/2010-mazda-atenza-station-wagon?referringPage=SearchResults
Ford,Falcon,2002,No,$300,,0.0," Has Key, Left Rear Damage, Left Side Damage, Rear Damage, Right Rear Damage, Selling De-Registered","Automatic,",5.0,Petrol,https://manheim.co.nz/damaged-vehicles/000000000006969422/2002-ford-falcon-auiii-forte-w-station-wagon?referringPage=SearchResults
Subaru,Impreza,2014,Yes,,"100,823",0.0," Has Key, Transmission Failure, Selling Registered","Automatic,",5.0,Petrol,https://manheim.co.nz/damaged-vehicles/000000000006949426/2014-subaru-impreza-hatch?referringPage=SearchResults
Peugeot,4007,2012,No,$400,"128,940",0.0," Engine Damage, Front Damage, Glass Broken, Has Key, Left Front Damage, Right Front Damage, Selling De-Registered","Automatic,",7.0,Diesel,https://manheim.co.nz/damaged-vehicles/000000000006959464/2012-peugeot-4007-touring?referringPage=SearchResults
Mazda,CX-5,2012,No,$0,"276,949",1.0," Interior Damage, Right Side Damage, Impact Heavy - Right Side, Impact Light - Front, Selling De-Registered","Automatic,",5.0,Petrol,https://manheim.co.nz/damaged-vehicles/000000000006919467/2012-mazda-cx-5-cx-5-2wd-glx-2-0-pt-station-wagon?referringPage=SearchResults
Peugeot,307,2004,No,$400,"96,086",1.0," Front Damage, Impact Heavy - Front, Selling De-Registered","4spd Automatic,",4.0,Petrol,https://manheim.co.nz/damaged-vehicles/000000000006969536/2004-peugeot-307-cpe-cab-2-0-3dr-a-p-cabriolet?referringPage=SearchResults
Suzuki,Alto,2014,No,$625,"65,059",1.0," Right Side Damage, Impact Medium - Right Side, Selling De-Registered","Manual,",4.0,Petrol,https://manheim.co.nz/damaged-vehicles/000000000006969567/2014-suzuki-alto-hatch-glx-1-0-5dr-hatch?referringPage=SearchResults
Nissan,X-trail,2009,No,$650,"228,746",1.0," Right Side Damage, Selling De-Registered","Automatic,",5.0,Petrol,https://manheim.co.nz/damaged-vehicles/000000000006969600/2009-nissan-x-trail-2-5-ti-l-cvt-station-wagon?referringPage=SearchResults
Holden,Captiva,2017,Yes,,"73,590",1.0," Glass Broken, Left Front Damage, Malicious/Vandalised, Right Front Damage, Right Rear Damage, Impact Medium - Left Side, Impact Medium - Right Side, Selling Registered","Automatic,",7.0,Diesel,https://manheim.co.nz/damaged-vehicles/000000000006969612/2017-holden-captiva-ltz-2-2d-4wd-6at-station-wagon?referringPage=SearchResults
Suzuki,Swift,2005,No,$600,"185,168",1.0," Impact Heavy - Front, Airbags Deployed, Selling De-Registered","Automatic,",5.0,Petrol,https://manheim.co.nz/damaged-vehicles/000000000006959647/2005-suzuki-swift-hatch?referringPage=SearchResults
Renault,Trafic,2019,No,$1,,0.0," Fire - Entire Vehicle, Selling De-Registered","Automatic,",3.0,Diesel,https://manheim.co.nz/damaged-vehicles/000000000006969687/2019-renault-trafic-l2h1-1-6d-6mt-lv-5d-van?referringPage=SearchResults
Hyundai,TB,2006,Yes,$400,"176,847",0.0," Right Front Damage, Impact Light - Front, Impact Light - Left Side, Impact Light - Right Side, Selling Registered","Automatic,",5.0,Petrol,https://manheim.co.nz/damaged-vehicles/000000000006969756/2006-hyundai-tb-hatch?referringPage=SearchResults
Toyota,Vitz,2002,No,$600,"152,069",1.0," Front Damage, Selling De-Registered","Automatic,",5.0,Petrol,https://manheim.co.nz/damaged-vehicles/000000000006969759/2002-toyota-vitz-hatch?referringPage=SearchResults
Nissan,Wingroad,2006,Yes,$675,"299,548",1.0," Glass Broken, Interior Damage, Vandalised - Interior, Impact Light - Rear, Stolen & Recovered, Selling Registered","Automatic,",5.0,Petrol,https://manheim.co.nz/damaged-vehicles/000000000006969828/2006-nissan-wingroad-station-wagon?referringPage=SearchResults
Nissan,Skyline,2006,No,$0,"178,592",0.0," Left Front Damage, Right Front Damage, Impact Medium - Front, Impact Medium - Right Side, Selling De-Registered","Automatic,",5.0,Petrol,https://manheim.co.nz/damaged-vehicles/000000000006969832/2006-nissan-skyline-250gt-sedan?referringPage=SearchResults
Suzuki,Swift,2005,No,$600,,0.0," Left Rear Damage, Impact Medium - Rear, Selling De-Registered",,5.0,Petrol,https://manheim.co.nz/damaged-vehicles/000000000006969842/2005-suzuki-swift-hatch?referringPage=SearchResults
Toyota,Estima,2006,No,$0,"212,916",1.0," Left Side Damage, Impact Heavy - Left Side, Selling De-Registered","Automatic,",7.0,Petrol,https://manheim.co.nz/damaged-vehicles/000000000006969862/2006-toyota-estima-station-wagon?referringPage=SearchResults
Volkswagen,Golf,2006,No,$0,,1.0," Rear Damage, Right Rear Damage, Impact Heavy - Right Side, Suspension Damage, Selling De-Registered",,5.0,Petrol,https://manheim.co.nz/damaged-vehicles/000000000006969879/2006-volkswagen-golf-r32-hatch?referringPage=SearchResults
Nissan,X-trail,2007,No,$625,"250,866",0.0," Has Key, Right Rear Damage, Selling De-Registered","CVT,",5.0,Petrol,https://manheim.co.nz/damaged-vehicles/000000000006969880/2007-nissan-x-trail-station-wagon?referringPage=SearchResults
Mitsubishi,Fuso,1991,No,$0,"432,990",0.0," Chassis Damage, Rear Damage, Impact Heavy - Front, Selling De-Registered","Automatic,",2.0,,https://manheim.co.nz/damaged-vehicles/000000000006939922/1991-mitsubishi-fuso-fu416p-flat-deck-gvm-20-500kg?referringPage=SearchResults
Honda,Civic,2006,No,$600,"99,999",1.0," Front Damage, Selling De-Registered","Automatic,",5.0,Petrol,https://manheim.co.nz/damaged-vehicles/000000000006959987/2006-honda-civic-sedan?referringPage=SearchResults
Subaru,Legacy,2006,No,$500,"227,143",0.0," Left Front Damage, Selling De-Registered","Automatic,",5.0,Petrol,https://manheim.co.nz/damaged-vehicles/000000000006959989/2006-subaru-legacy-outback-station-wagon?referringPage=SearchResults
